     4 -6.420562e+01
     4 -6.419650e+01
     4 -6.418739e+01
     4 -6.402322e+01
     4 -6.400497e+01
     4 -6.399584e+01
     4 -6.398671e+01
     4 -6.397759e+01
     4 -6.396846e+01
     4 -6.395934e+01
     4 -6.394108e+01
     4 -6.393195e+01
     4 -6.392282e+01
     4 -6.391370e+01
     4 -6.390457e+01
     4 -6.389544e+01
     4 -6.388631e+01
     4 -6.387718e+01
     4 -6.385892e+01
     4 -6.384066e+01
     4 -6.383153e+01
     4 -6.382240e+01
     4 -6.381326e+01
     4 -6.379499e+01
     4 -6.377673e+01
     4 -6.373106e+01
     4 -6.371278e+01
     4 -6.370365e+01
     4 -6.366710e+01
     4 -6.348426e+01
     4 -6.346597e+01
     4 -6.345683e+01
     4 -6.337450e+01
     4 -6.275156e+01
     4 -6.274239e+01
     4 -6.270570e+01
     4 -6.268735e+01
     4 -6.266900e+01
     4 -6.265983e+01
     4 -6.265065e+01
     4 -6.264148e+01
     4 -6.263230e+01
     4 -6.262312e+01
     4 -6.261395e+01
     4 -6.260477e+01
     4 -6.251299e+01
     4 -6.250380e+01
     4 -6.249462e+01
     4 -6.248544e+01
     4 -6.247626e+01
     4 -6.246708e+01
     4 -6.242117e+01
     4 -6.232932e+01
     4 -6.231094e+01
     4 -6.213633e+01
     4 -6.212714e+01
     4 -6.165791e+01
     4 -6.163949e+01
     4 -6.163028e+01
     4 -6.162107e+01
     4 -6.161186e+01
     4 -6.159344e+01
     4 -6.157502e+01
     4 -6.155660e+01
     4 -6.154739e+01
     4 -6.149211e+01
     4 -6.148290e+01
     4 -6.147369e+01
     4 -6.146447e+01
     4 -6.145526e+01
     4 -5.988491e+01
     4 -5.986639e+01
     4 -5.982009e+01
     4 -5.972747e+01
     4 -5.971821e+01
     4 -5.961630e+01
     4 -5.937530e+01
     4 -5.931039e+01
     4 -5.929184e+01
     4 -5.927329e+01
     4 -5.926402e+01
     4 -5.918981e+01
     4 -5.918053e+01
     4 -5.916198e+01
     4 -5.906919e+01
     4 -5.869782e+01
     4 -5.867924e+01
     4 -5.865137e+01
     4 -5.863279e+01
     4 -5.215024e+01
