     3 -7.005631e+01
     3 -6.981955e+01
     3 -6.980199e+01
     3 -6.978442e+01
     3 -6.976685e+01
     3 -6.975807e+01
     3 -6.944134e+01
     3 -6.936201e+01
     3 -6.932673e+01
     3 -6.928262e+01
     3 -6.892023e+01
     3 -6.847679e+01
     3 -6.846790e+01
     3 -6.845902e+01
     3 -6.844125e+01
     3 -6.843236e+01
     3 -6.827227e+01
     3 -6.819215e+01
     3 -6.813871e+01
     3 -6.800502e+01
     3 -6.799609e+01
     3 -6.798717e+01
     3 -6.794258e+01
     3 -6.778190e+01
     3 -6.657107e+01
     3 -6.656207e+01
     3 -6.655306e+01
     3 -6.654405e+01
     3 -6.653505e+01
     3 -6.652604e+01
     3 -6.651704e+01
     3 -6.650803e+01
     3 -6.649902e+01
     3 -6.649001e+01
     3 -6.648100e+01
     3 -6.647199e+01
     3 -6.646298e+01
     3 -6.635483e+01
     3 -6.634581e+01
     3 -6.633679e+01
     3 -6.583112e+01
     3 -6.565016e+01
     3 -6.564111e+01
     3 -6.562301e+01
     3 -6.560490e+01
     3 -6.558679e+01
     3 -6.555962e+01
     3 -6.554151e+01
     3 -6.552339e+01
     3 -6.551434e+01
     3 -6.549622e+01
     3 -6.547810e+01
     3 -6.545998e+01
     3 -6.541467e+01
     3 -6.539654e+01
     3 -6.537841e+01
     3 -6.536935e+01
     3 -6.536028e+01
     3 -6.535121e+01
     3 -6.534215e+01
     3 -6.533308e+01
     3 -6.532401e+01
     3 -6.531495e+01
     3 -6.530588e+01
     3 -6.529681e+01
     3 -6.528774e+01
     3 -6.518795e+01
     3 -6.516981e+01
     3 -6.516073e+01
     3 -6.515166e+01
     3 -6.514258e+01
     3 -6.513351e+01
     3 -6.512443e+01
     3 -6.510627e+01
     3 -6.509719e+01
     3 -6.508812e+01
     3 -6.506087e+01
     3 -6.504272e+01
     3 -6.502456e+01
     3 -6.499731e+01
     3 -6.497914e+01
     3 -6.496098e+01
     3 -6.494281e+01
     3 -6.491555e+01
     3 -6.489738e+01
     3 -6.487920e+01
     3 -6.487012e+01
     3 -6.486103e+01
     3 -6.485194e+01
     3 -6.484285e+01
     3 -6.483376e+01
     3 -6.481557e+01
     3 -6.480649e+01
     3 -6.479739e+01
     3 -6.469736e+01
     3 -6.468827e+01
     3 -6.467918e+01
     3 -6.467007e+01
     3 -6.466098e+01
     3 -6.465188e+01
     3 -6.464278e+01
     3 -6.463368e+01
     3 -6.462459e+01
     3 -6.461549e+01
     3 -6.460638e+01
     3 -6.459729e+01
     3 -6.454268e+01
     3 -6.452448e+01
     3 -6.449716e+01
     3 -6.448806e+01
     3 -6.447895e+01
     3 -6.446074e+01
     3 -6.444253e+01
     3 -6.442432e+01
     3 -6.441521e+01
     3 -6.351170e+01
     3 -6.347512e+01
     3 -6.280659e+01
     3 -6.276991e+01
     3 -5.770271e+01
     3 -5.599552e+01
     3 -5.587401e+01
     3 -5.586466e+01
     3 -5.585531e+01
     3 -5.584596e+01
     3 -5.583661e+01
     3 -5.579922e+01
     3 -5.297768e+01
     3 -5.080344e+01
