     5 -7.009134e+01
     5 -7.008258e+01
     5 -7.006507e+01
     5 -6.992484e+01
     5 -6.990730e+01
     5 -6.965260e+01
     5 -6.964381e+01
     5 -6.963501e+01
     5 -6.962621e+01
     5 -6.961742e+01
     5 -6.960862e+01
     5 -6.959982e+01
     5 -6.959103e+01
     5 -6.958222e+01
     5 -6.957343e+01
     5 -6.956463e+01
     5 -6.955582e+01
     5 -6.950300e+01
     5 -6.945015e+01
     5 -6.942371e+01
     5 -6.940608e+01
     5 -6.938846e+01
     5 -6.937964e+01
     5 -6.934437e+01
     5 -6.931791e+01
     5 -6.930026e+01
     5 -6.927379e+01
     5 -6.915017e+01
     5 -6.914133e+01
     5 -6.913250e+01
     5 -6.912366e+01
     5 -6.911483e+01
     5 -6.910599e+01
     5 -6.909715e+01
     5 -6.908831e+01
     5 -6.907948e+01
     5 -6.898219e+01
     5 -6.896449e+01
     5 -6.895564e+01
     5 -6.894679e+01
     5 -6.893794e+01
     5 -6.891138e+01
     5 -6.890253e+01
     5 -6.889368e+01
     5 -6.887597e+01
     5 -6.885825e+01
     5 -6.881396e+01
     5 -6.879623e+01
     5 -6.877851e+01
     5 -6.873419e+01
     5 -6.871645e+01
     5 -6.845013e+01
     5 -6.842347e+01
     5 -6.841458e+01
     5 -6.840569e+01
     5 -6.837012e+01
     5 -6.830786e+01
     5 -6.829007e+01
     5 -6.825447e+01
     5 -6.824557e+01
     5 -6.822777e+01
     5 -6.820996e+01
     5 -6.820106e+01
     5 -6.818324e+01
     5 -6.817434e+01
     5 -6.816544e+01
     5 -6.814761e+01
     5 -6.812980e+01
     5 -6.812090e+01
     5 -6.801393e+01
     5 -6.706554e+01
     5 -6.684996e+01
     5 -6.684097e+01
     5 -6.683198e+01
     5 -6.636385e+01
     5 -6.603898e+01
     5 -6.602995e+01
     5 -6.439699e+01
     5 -6.438788e+01
     5 -6.437877e+01
     5 -6.436055e+01
     5 -6.435144e+01
     5 -6.434233e+01
     5 -6.433322e+01
     5 -6.432410e+01
     5 -6.431499e+01
     5 -6.430589e+01
     5 -6.429677e+01
     5 -6.417827e+01
     5 -6.416915e+01
     5 -6.416003e+01
     5 -6.415092e+01
     5 -6.414179e+01
     5 -6.413268e+01
     5 -6.412356e+01
     5 -6.411444e+01
     5 -6.410532e+01
     5 -6.230176e+01
     5 -6.229257e+01
     5 -6.228338e+01
     5 -6.227419e+01
     5 -6.226500e+01
     5 -6.225582e+01
     5 -6.224663e+01
     5 -6.223744e+01
     5 -6.222825e+01
     5 -6.221906e+01
     5 -6.220987e+01
     5 -6.220068e+01
     5 -6.218230e+01
     5 -6.216391e+01
     5 -6.214553e+01
     5 -6.211795e+01
     5 -6.209956e+01
     5 -6.203519e+01
     5 -6.201680e+01
     5 -6.200761e+01
     5 -6.199841e+01
     5 -6.198921e+01
     5 -6.198001e+01
     5 -6.197081e+01
     5 -6.196162e+01
     5 -6.195242e+01
     5 -6.194322e+01
     5 -6.193402e+01
     5 -6.192482e+01
     5 -6.181440e+01
     5 -6.180520e+01
     5 -6.179599e+01
     5 -6.178679e+01
     5 -6.177759e+01
     5 -6.176838e+01
     5 -6.175918e+01
     5 -6.174997e+01
     5 -6.174077e+01
     5 -6.173156e+01
     5 -6.172235e+01
     5 -6.170395e+01
     5 -6.167632e+01
     5 -6.151054e+01
     5 -6.144604e+01
     5 -6.143682e+01
     5 -6.142761e+01
     5 -6.141840e+01
     5 -6.136310e+01
     5 -6.131701e+01
     5 -6.130779e+01
     5 -6.129857e+01
     5 -6.128935e+01
     5 -6.128013e+01
     5 -6.127091e+01
     5 -6.126169e+01
     5 -6.125247e+01
     5 -6.124325e+01
     5 -6.123403e+01
     5 -6.122481e+01
     5 -6.121559e+01
     5 -6.115103e+01
     5 -6.113258e+01
     5 -6.111413e+01
     5 -6.110490e+01
     5 -6.109568e+01
     5 -6.108646e+01
     5 -6.106800e+01
     5 -6.105878e+01
     5 -6.104955e+01
     5 -6.104032e+01
     5 -6.102187e+01
     5 -6.100341e+01
     5 -6.098496e+01
     5 -6.096650e+01
     5 -6.095727e+01
     5 -6.094804e+01
     5 -6.093881e+01
     5 -6.092958e+01
     5 -6.092035e+01
     5 -6.090189e+01
     5 -6.087420e+01
     5 -6.085573e+01
     5 -6.081880e+01
     5 -6.080957e+01
     5 -6.080033e+01
     5 -6.079110e+01
     5 -6.078186e+01
     5 -6.077263e+01
     5 -6.076339e+01
     5 -6.075416e+01
     5 -6.074492e+01
     5 -6.073569e+01
     5 -6.072645e+01
     5 -6.071722e+01
     5 -6.062484e+01
     5 -6.061560e+01
     5 -6.060636e+01
     5 -6.059712e+01
     5 -6.058788e+01
     5 -6.057864e+01
     5 -6.056940e+01
     5 -6.056016e+01
     5 -6.055092e+01
     5 -6.054168e+01
     5 -6.053244e+01
     5 -6.052320e+01
     5 -6.049547e+01
     5 -6.047699e+01
     5 -6.045850e+01
     5 -6.044926e+01
     5 -6.044001e+01
     5 -6.043077e+01
     5 -6.041228e+01
     5 -6.039379e+01
     5 -6.037530e+01
     5 -6.031982e+01
     5 -6.031057e+01
     5 -6.030132e+01
     5 -6.029207e+01
     5 -6.028283e+01
     5 -6.027358e+01
     5 -6.026433e+01
     5 -6.025508e+01
     5 -6.024583e+01
     5 -6.023658e+01
     5 -6.022733e+01
     5 -6.021808e+01
     5 -6.011631e+01
     5 -6.010706e+01
     5 -6.009781e+01
     5 -6.008855e+01
     5 -6.007930e+01
     5 -6.007005e+01
     5 -6.006079e+01
     5 -6.005154e+01
     5 -6.004228e+01
     5 -6.003303e+01
     5 -6.002377e+01
     5 -5.996824e+01
     5 -5.993121e+01
     5 -5.991269e+01
     5 -5.990343e+01
     5 -5.981083e+01
     5 -5.980157e+01
     5 -5.976452e+01
     5 -5.960703e+01
     5 -5.959776e+01
     5 -5.958850e+01
     5 -5.957923e+01
     5 -5.956997e+01
     5 -5.956070e+01
     5 -5.955143e+01
     5 -5.954216e+01
     5 -5.953289e+01
     5 -5.952362e+01
     5 -5.951436e+01
     5 -5.950509e+01
     5 -5.944020e+01
     5 -5.942166e+01
     5 -5.941239e+01
     5 -5.940311e+01
     5 -5.939384e+01
     5 -5.938457e+01
     5 -5.935675e+01
     5 -5.934748e+01
     5 -5.933821e+01
     5 -5.932894e+01
     5 -5.925474e+01
     5 -5.924546e+01
     5 -5.923619e+01
     5 -5.922692e+01
     5 -5.921764e+01
     5 -5.920836e+01
     5 -5.914342e+01
     5 -5.911559e+01
     5 -5.910631e+01
     5 -5.909703e+01
     5 -5.908775e+01
     5 -5.907847e+01
     5 -5.905991e+01
     5 -5.905063e+01
     5 -5.904135e+01
     5 -5.903207e+01
     5 -5.902279e+01
     5 -5.901351e+01
     5 -5.891140e+01
     5 -5.890212e+01
     5 -5.889283e+01
     5 -5.888355e+01
     5 -5.887427e+01
     5 -5.886498e+01
     5 -5.885570e+01
     5 -5.884641e+01
     5 -5.883713e+01
     5 -5.882784e+01
     5 -5.881856e+01
     5 -5.878141e+01
     5 -5.876284e+01
     5 -5.874426e+01
     5 -5.872569e+01
     5 -5.858634e+01
     5 -5.855846e+01
     5 -5.854917e+01
     5 -5.853988e+01
     5 -5.853059e+01
     5 -5.852130e+01
     5 -5.851200e+01
     5 -5.840977e+01
     5 -5.840047e+01
     5 -5.839117e+01
     5 -5.838188e+01
     5 -5.837258e+01
     5 -5.836329e+01
     5 -5.835399e+01
     5 -5.834469e+01
     5 -5.833540e+01
     5 -5.832610e+01
     5 -5.831680e+01
     5 -5.830750e+01
     5 -5.825171e+01
     5 -5.823312e+01
     5 -5.821452e+01
     5 -5.820522e+01
     5 -5.819592e+01
     5 -5.818661e+01
     5 -5.816801e+01
     5 -5.814941e+01
     5 -5.810290e+01
     5 -5.809360e+01
     5 -5.808430e+01
     5 -5.807499e+01
     5 -5.806569e+01
     5 -5.805639e+01
     5 -5.804708e+01
     5 -5.803778e+01
     5 -5.802848e+01
     5 -5.801917e+01
     5 -5.800987e+01
     5 -5.800056e+01
     5 -5.789820e+01
     5 -5.788889e+01
     5 -5.787959e+01
     5 -5.787028e+01
     5 -5.786097e+01
     5 -5.785166e+01
     5 -5.784235e+01
     5 -5.783305e+01
     5 -5.782373e+01
     5 -5.781443e+01
     5 -5.780512e+01
     5 -5.772133e+01
     5 -5.769339e+01
     5 -5.768408e+01
     5 -5.767477e+01
     5 -5.755370e+01
     5 -5.754439e+01
     5 -5.725554e+01
     5 -5.720893e+01
     5 -5.710638e+01
     5 -5.702246e+01
     5 -5.701313e+01
     5 -5.700381e+01
     5 -5.699448e+01
     5 -5.698515e+01
     5 -5.697583e+01
     5 -5.689188e+01
     5 -5.688255e+01
     5 -5.687322e+01
     5 -5.686390e+01
     5 -5.685456e+01
     5 -5.684524e+01
     5 -5.683591e+01
     5 -5.679859e+01
     5 -5.668661e+01
     5 -5.667728e+01
     5 -5.666795e+01
     5 -5.665862e+01
     5 -5.664928e+01
     5 -5.663995e+01
     5 -5.663062e+01
     5 -5.662128e+01
     5 -5.661195e+01
     5 -5.660262e+01
     5 -5.659328e+01
     5 -5.652794e+01
     5 -5.650927e+01
     5 -5.649059e+01
     5 -5.648126e+01
     5 -5.647192e+01
     5 -5.646258e+01
     5 -5.645325e+01
     5 -5.644391e+01
     5 -5.643457e+01
     5 -5.642524e+01
     5 -5.641590e+01
     5 -5.639722e+01
     5 -5.638788e+01
     5 -5.637854e+01
     5 -5.636921e+01
     5 -5.635987e+01
     5 -5.635053e+01
     5 -5.634119e+01
     5 -5.633185e+01
     5 -5.632251e+01
     5 -5.631317e+01
     5 -5.630383e+01
     5 -5.629449e+01
     5 -5.628515e+01
     5 -5.618240e+01
     5 -5.617305e+01
     5 -5.616371e+01
     5 -5.615437e+01
     5 -5.614503e+01
     5 -5.613568e+01
     5 -5.612634e+01
     5 -5.611700e+01
     5 -5.601421e+01
     5 -5.593944e+01
     5 -5.593009e+01
     5 -5.589270e+01
     5 -5.582727e+01
     5 -5.581792e+01
     5 -5.580857e+01
     5 -5.567766e+01
     5 -5.566831e+01
     5 -5.565895e+01
     5 -5.564960e+01
     5 -5.564025e+01
     5 -5.563090e+01
     5 -5.562155e+01
     5 -5.561219e+01
     5 -5.560284e+01
     5 -5.559349e+01
     5 -5.558413e+01
     5 -5.547188e+01
     5 -5.546252e+01
     5 -5.545317e+01
     5 -5.544381e+01
     5 -5.543446e+01
     5 -5.542510e+01
     5 -5.541574e+01
     5 -5.539703e+01
     5 -5.537832e+01
     5 -5.535960e+01
     5 -5.534089e+01
     5 -5.533153e+01
     5 -5.532217e+01
     5 -5.531281e+01
     5 -5.530346e+01
     5 -5.529410e+01
     5 -5.528474e+01
     5 -5.527538e+01
     5 -5.526602e+01
     5 -5.524730e+01
     5 -5.522858e+01
     5 -5.517242e+01
     5 -5.516306e+01
     5 -5.515370e+01
     5 -5.514434e+01
     5 -5.513498e+01
     5 -5.512561e+01
     5 -5.511625e+01
     5 -5.510689e+01
     5 -5.509753e+01
     5 -5.508817e+01
     5 -5.507880e+01
     5 -5.506944e+01
     5 -5.501326e+01
     5 -5.499453e+01
     5 -5.497581e+01
     5 -5.496644e+01
     5 -5.495708e+01
     5 -5.494771e+01
     5 -5.493835e+01
     5 -5.492898e+01
     5 -5.491962e+01
     5 -5.491026e+01
     5 -5.490089e+01
     5 -5.489152e+01
     5 -5.488216e+01
     5 -5.486342e+01
     5 -5.484469e+01
     5 -5.482596e+01
     5 -5.481659e+01
     5 -5.480722e+01
     5 -5.479786e+01
     5 -5.478849e+01
     5 -5.477912e+01
     5 -5.476975e+01
     5 -5.476038e+01
     5 -5.475102e+01
     5 -5.474165e+01
     5 -5.473228e+01
     5 -5.471354e+01
     5 -5.469481e+01
     5 -5.465733e+01
     5 -5.464796e+01
     5 -5.463859e+01
     5 -5.462922e+01
     5 -5.461985e+01
     5 -5.461048e+01
     5 -5.460110e+01
     5 -5.459174e+01
     5 -5.458236e+01
     5 -5.457299e+01
     5 -5.456362e+01
     5 -5.446053e+01
     5 -5.445116e+01
     5 -5.444178e+01
     5 -5.443241e+01
     5 -5.442303e+01
     5 -5.441366e+01
     5 -5.440429e+01
     5 -5.439491e+01
     5 -5.438554e+01
     5 -5.437616e+01
     5 -5.436679e+01
     5 -5.432929e+01
     5 -5.431054e+01
     5 -5.429179e+01
     5 -5.428241e+01
     5 -5.427303e+01
     5 -5.419802e+01
     5 -5.417926e+01
     5 -5.416051e+01
     5 -5.415113e+01
     5 -5.414175e+01
     5 -5.413237e+01
     5 -5.412299e+01
     5 -5.411362e+01
     5 -5.410424e+01
     5 -5.409486e+01
     5 -5.408548e+01
     5 -5.407610e+01
     5 -5.406672e+01
     5 -5.405734e+01
     5 -5.404796e+01
     5 -5.402920e+01
     5 -5.395415e+01
     5 -5.394477e+01
     5 -5.393539e+01
     5 -5.392601e+01
     5 -5.391663e+01
     5 -5.390725e+01
     5 -5.389786e+01
     5 -5.388848e+01
     5 -5.387910e+01
     5 -5.386972e+01
     5 -5.386033e+01
     5 -5.385095e+01
     5 -5.381342e+01
     5 -5.379465e+01
     5 -5.377588e+01
     5 -5.375711e+01
     5 -5.374773e+01
     5 -5.373834e+01
     5 -5.372896e+01
     5 -5.371957e+01
     5 -5.371019e+01
     5 -5.370080e+01
     5 -5.369141e+01
     5 -5.368203e+01
     5 -5.366326e+01
     5 -5.364449e+01
     5 -5.363510e+01
     5 -5.362571e+01
     5 -5.361633e+01
     5 -5.360694e+01
     5 -5.359755e+01
     5 -5.358817e+01
     5 -5.357878e+01
     5 -5.356939e+01
     5 -5.356000e+01
     5 -5.355061e+01
     5 -5.353184e+01
     5 -5.351306e+01
     5 -5.349429e+01
     5 -5.343795e+01
     5 -5.342856e+01
     5 -5.341917e+01
     5 -5.340978e+01
     5 -5.340039e+01
     5 -5.339100e+01
     5 -5.338161e+01
     5 -5.337222e+01
     5 -5.336283e+01
     5 -5.335344e+01
     5 -5.334405e+01
     5 -5.325952e+01
     5 -5.324073e+01
     5 -5.323134e+01
     5 -5.322195e+01
     5 -5.321255e+01
     5 -5.320316e+01
     5 -5.319377e+01
     5 -5.318438e+01
     5 -5.317498e+01
     5 -5.316559e+01
     5 -5.315620e+01
     5 -5.314680e+01
     5 -5.313741e+01
     5 -5.312801e+01
     5 -5.311862e+01
     5 -5.310922e+01
     5 -5.309983e+01
     5 -5.309044e+01
     5 -5.308104e+01
     5 -5.307164e+01
     5 -5.306225e+01
     5 -5.305285e+01
     5 -5.304346e+01
     5 -5.303406e+01
     5 -5.302467e+01
     5 -5.301527e+01
     5 -5.299648e+01
     5 -5.295889e+01
     5 -5.293070e+01
     5 -5.292130e+01
     5 -5.291190e+01
     5 -5.285551e+01
     5 -5.284612e+01
     5 -5.283672e+01
     5 -5.277092e+01
     5 -5.275212e+01
     5 -5.274272e+01
     5 -5.273332e+01
     5 -5.272392e+01
     5 -5.271452e+01
     5 -5.270512e+01
     5 -5.269572e+01
     5 -5.268632e+01
     5 -5.267692e+01
     5 -5.266751e+01
     5 -5.265812e+01
     5 -5.264871e+01
     5 -5.263931e+01
     5 -5.262991e+01
     5 -5.262051e+01
     5 -5.261111e+01
     5 -5.260170e+01
     5 -5.259230e+01
     5 -5.258290e+01
     5 -5.257350e+01
     5 -5.256409e+01
     5 -5.255469e+01
     5 -5.254529e+01
     5 -5.253588e+01
     5 -5.252648e+01
     5 -5.251708e+01
     5 -5.250768e+01
     5 -5.249827e+01
     5 -5.248886e+01
     5 -5.247946e+01
     5 -5.246066e+01
     5 -5.244184e+01
     5 -5.242303e+01
     5 -5.241363e+01
     5 -5.240422e+01
     5 -5.239482e+01
     5 -5.238541e+01
     5 -5.237601e+01
     5 -5.236660e+01
     5 -5.235720e+01
     5 -5.234779e+01
     5 -5.233839e+01
     5 -5.232898e+01
     5 -5.225372e+01
     5 -5.223491e+01
     5 -5.221609e+01
     5 -5.220669e+01
     5 -5.219728e+01
     5 -5.218787e+01
     5 -5.217846e+01
     5 -5.216905e+01
     5 -5.215965e+01
     5 -5.214083e+01
     5 -5.213142e+01
     5 -5.212201e+01
     5 -5.210319e+01
     5 -5.208437e+01
     5 -5.206555e+01
     5 -5.205614e+01
     5 -5.204673e+01
     5 -5.203732e+01
     5 -5.202791e+01
     5 -5.201850e+01
     5 -5.200909e+01
     5 -5.199968e+01
     5 -5.199027e+01
     5 -5.198086e+01
     5 -5.197144e+01
     5 -5.196203e+01
     5 -5.195262e+01
     5 -5.194321e+01
     5 -5.192439e+01
     5 -5.191497e+01
     5 -5.190556e+01
     5 -5.189615e+01
     5 -5.188674e+01
     5 -5.187732e+01
     5 -5.186791e+01
     5 -5.185850e+01
     5 -5.184909e+01
     5 -5.183967e+01
     5 -5.183026e+01
     5 -5.182085e+01
     5 -5.181143e+01
     5 -5.173612e+01
     5 -5.171729e+01
     5 -5.170787e+01
     5 -5.169846e+01
     5 -5.168904e+01
     5 -5.167963e+01
     5 -5.167021e+01
     5 -5.166080e+01
     5 -5.165138e+01
     5 -5.164197e+01
     5 -5.163255e+01
     5 -5.162313e+01
     5 -5.161372e+01
     5 -5.158547e+01
     5 -5.156664e+01
     5 -5.154780e+01
     5 -5.153838e+01
     5 -5.152896e+01
     5 -5.151955e+01
     5 -5.151013e+01
     5 -5.150071e+01
     5 -5.149129e+01
     5 -5.148188e+01
     5 -5.147246e+01
     5 -5.146304e+01
     5 -5.145362e+01
     5 -5.144420e+01
     5 -5.143478e+01
     5 -5.142537e+01
     5 -5.141595e+01
     5 -5.140652e+01
     5 -5.139711e+01
     5 -5.138769e+01
     5 -5.137827e+01
     5 -5.136885e+01
     5 -5.135943e+01
     5 -5.135001e+01
     5 -5.134059e+01
     5 -5.133117e+01
     5 -5.132175e+01
     5 -5.131233e+01
     5 -5.130291e+01
     5 -5.128407e+01
     5 -5.119927e+01
     5 -5.118985e+01
     5 -5.118043e+01
     5 -5.117101e+01
     5 -5.116159e+01
     5 -5.115216e+01
     5 -5.114274e+01
     5 -5.113332e+01
     5 -5.112389e+01
     5 -5.111447e+01
     5 -5.110505e+01
     5 -5.104851e+01
     5 -5.102966e+01
     5 -5.101081e+01
     5 -5.100138e+01
     5 -5.099196e+01
     5 -5.098254e+01
     5 -5.097311e+01
     5 -5.096368e+01
     5 -5.095426e+01
     5 -5.094484e+01
     5 -5.093541e+01
     5 -5.091656e+01
     5 -5.089771e+01
     5 -5.088828e+01
     5 -5.087886e+01
     5 -5.086943e+01
     5 -5.086000e+01
     5 -5.085057e+01
     5 -5.084115e+01
     5 -5.083172e+01
     5 -5.082230e+01
     5 -5.081287e+01
     5 -5.079401e+01
     5 -5.078459e+01
     5 -5.076573e+01
     5 -5.074688e+01
     5 -5.069031e+01
     5 -5.068088e+01
     5 -5.067145e+01
     5 -5.066202e+01
     5 -5.065259e+01
     5 -5.064316e+01
     5 -5.063373e+01
     5 -5.062430e+01
     5 -5.061487e+01
     5 -5.060544e+01
     5 -5.059601e+01
     5 -5.058658e+01
     5 -5.057715e+01
     5 -5.055829e+01
     5 -5.053943e+01
     5 -5.053000e+01
     5 -5.052057e+01
     5 -5.051114e+01
     5 -5.050171e+01
     5 -5.049228e+01
     5 -5.048285e+01
     5 -5.047342e+01
     5 -5.046398e+01
     5 -5.045455e+01
     5 -5.044512e+01
     5 -5.043569e+01
     5 -5.042625e+01
     5 -5.041682e+01
     5 -5.040739e+01
     5 -5.039796e+01
     5 -5.037909e+01
     5 -5.036966e+01
     5 -5.036023e+01
     5 -5.035080e+01
     5 -5.034136e+01
     5 -5.033193e+01
     5 -5.032249e+01
     5 -5.031306e+01
     5 -5.030363e+01
     5 -5.029419e+01
     5 -5.028476e+01
