     3 -7.009134e+01
     3 -7.008258e+01
     3 -7.006507e+01
     3 -7.005631e+01
     3 -6.992484e+01
     3 -6.990730e+01
     3 -6.981955e+01
     3 -6.980199e+01
     3 -6.978442e+01
     3 -6.965260e+01
     3 -6.964381e+01
     3 -6.963501e+01
     3 -6.962621e+01
     3 -6.961742e+01
     3 -6.960862e+01
     3 -6.959982e+01
     3 -6.959103e+01
     3 -6.958222e+01
     3 -6.957343e+01
     3 -6.956463e+01
     3 -6.955582e+01
     3 -6.950300e+01
     3 -6.940608e+01
     3 -6.938846e+01
     3 -6.937964e+01
     3 -6.936201e+01
     3 -6.934437e+01
     3 -6.932673e+01
     3 -6.931791e+01
     3 -6.930026e+01
     3 -6.928262e+01
     3 -6.927379e+01
     3 -6.915017e+01
     3 -6.914133e+01
     3 -6.913250e+01
     3 -6.912366e+01
     3 -6.911483e+01
     3 -6.910599e+01
     3 -6.909715e+01
     3 -6.908831e+01
     3 -6.907948e+01
     3 -6.898219e+01
     3 -6.896449e+01
     3 -6.895564e+01
     3 -6.894679e+01
     3 -6.893794e+01
     3 -6.892023e+01
     3 -6.891138e+01
     3 -6.890253e+01
     3 -6.889368e+01
     3 -6.887597e+01
     3 -6.885825e+01
     3 -6.881396e+01
     3 -6.879623e+01
     3 -6.877851e+01
     3 -6.873419e+01
     3 -6.871645e+01
     3 -6.847679e+01
     3 -6.846790e+01
     3 -6.845902e+01
     3 -6.845013e+01
     3 -6.844125e+01
     3 -6.843236e+01
     3 -6.842347e+01
     3 -6.841458e+01
     3 -6.840569e+01
     3 -6.837012e+01
     3 -6.830786e+01
     3 -6.829007e+01
     3 -6.824557e+01
     3 -6.822777e+01
     3 -6.820996e+01
     3 -6.820106e+01
     3 -6.819215e+01
     3 -6.818324e+01
     3 -6.817434e+01
     3 -6.816544e+01
     3 -6.814761e+01
     3 -6.813871e+01
     3 -6.812980e+01
     3 -6.812090e+01
     3 -6.801393e+01
     3 -6.800502e+01
     3 -6.799609e+01
     3 -6.798717e+01
     3 -6.794258e+01
     3 -6.778190e+01
     3 -6.706554e+01
     3 -6.684996e+01
     3 -6.684097e+01
     3 -6.683198e+01
     3 -6.657107e+01
     3 -6.656207e+01
     3 -6.655306e+01
     3 -6.654405e+01
     3 -6.653505e+01
     3 -6.652604e+01
     3 -6.651704e+01
     3 -6.650803e+01
     3 -6.649902e+01
     3 -6.649001e+01
     3 -6.648100e+01
     3 -6.647199e+01
     3 -6.646298e+01
     3 -6.636385e+01
     3 -6.635483e+01
     3 -6.634581e+01
     3 -6.633679e+01
     3 -6.603898e+01
     3 -6.602995e+01
     3 -6.583112e+01
     3 -6.565016e+01
     3 -6.564111e+01
     3 -6.562301e+01
     3 -6.560490e+01
     3 -6.558679e+01
     3 -6.555962e+01
     3 -6.554151e+01
     3 -6.552339e+01
     3 -6.551434e+01
     3 -6.549622e+01
     3 -6.547810e+01
     3 -6.545998e+01
     3 -6.541467e+01
     3 -6.539654e+01
     3 -6.537841e+01
     3 -6.536935e+01
     3 -6.536028e+01
     3 -6.535121e+01
     3 -6.534215e+01
     3 -6.533308e+01
     3 -6.532401e+01
     3 -6.531495e+01
     3 -6.530588e+01
     3 -6.529681e+01
     3 -6.528774e+01
     3 -6.518795e+01
     3 -6.516981e+01
     3 -6.516073e+01
     3 -6.515166e+01
     3 -6.514258e+01
     3 -6.513351e+01
     3 -6.512443e+01
     3 -6.510627e+01
     3 -6.509719e+01
     3 -6.508812e+01
     3 -6.506087e+01
     3 -6.504272e+01
     3 -6.502456e+01
     3 -6.499731e+01
     3 -6.497914e+01
     3 -6.496098e+01
     3 -6.494281e+01
     3 -6.491555e+01
     3 -6.489738e+01
     3 -6.487920e+01
     3 -6.487012e+01
     3 -6.486103e+01
     3 -6.485194e+01
     3 -6.484285e+01
     3 -6.483376e+01
     3 -6.481557e+01
     3 -6.480649e+01
     3 -6.479739e+01
     3 -6.469736e+01
     3 -6.468827e+01
     3 -6.467918e+01
     3 -6.467007e+01
     3 -6.466098e+01
     3 -6.465188e+01
     3 -6.464278e+01
     3 -6.463368e+01
     3 -6.462459e+01
     3 -6.461549e+01
     3 -6.460638e+01
     3 -6.459729e+01
     3 -6.454268e+01
     3 -6.452448e+01
     3 -6.449716e+01
     3 -6.448806e+01
     3 -6.447895e+01
     3 -6.446074e+01
     3 -6.442432e+01
     3 -6.441521e+01
     3 -6.274239e+01
     3 -6.250380e+01
     3 -6.249462e+01
     3 -6.248544e+01
     3 -6.243035e+01
     3 -6.232932e+01
     3 -6.115103e+01
     3 -6.113258e+01
     3 -6.111413e+01
     3 -6.110490e+01
     3 -6.109568e+01
     3 -6.106800e+01
     3 -6.105878e+01
     3 -6.104032e+01
     3 -6.102187e+01
     3 -6.100341e+01
     3 -6.098496e+01
     3 -6.096650e+01
     3 -6.087420e+01
     3 -6.085573e+01
     3 -6.081880e+01
     3 -6.080957e+01
     3 -6.080033e+01
     3 -6.079110e+01
     3 -6.078186e+01
     3 -6.077263e+01
     3 -6.076339e+01
     3 -6.075416e+01
     3 -6.074492e+01
     3 -6.073569e+01
     3 -6.072645e+01
     3 -6.071722e+01
     3 -6.062484e+01
     3 -6.061560e+01
     3 -6.060636e+01
     3 -6.059712e+01
     3 -6.056016e+01
     3 -6.044001e+01
     3 -6.043077e+01
     3 -6.041228e+01
     3 -6.039379e+01
     3 -6.037530e+01
     3 -6.031982e+01
     3 -6.031057e+01
     3 -6.030132e+01
     3 -6.029207e+01
     3 -6.011631e+01
     3 -6.010706e+01
     3 -6.009781e+01
     3 -6.008855e+01
     3 -6.007930e+01
     3 -6.007005e+01
     3 -6.006079e+01
     3 -6.005154e+01
     3 -6.004228e+01
     3 -6.003303e+01
     3 -6.002377e+01
     3 -5.990343e+01
     3 -5.986639e+01
     3 -5.982009e+01
     3 -5.981083e+01
     3 -5.980157e+01
     3 -5.976452e+01
     3 -5.971821e+01
     3 -5.944020e+01
     3 -5.942166e+01
     3 -5.941239e+01
     3 -5.940311e+01
     3 -5.939384e+01
     3 -5.938457e+01
     3 -5.937530e+01
     3 -5.935675e+01
     3 -5.934748e+01
     3 -5.933821e+01
     3 -5.932894e+01
     3 -5.931039e+01
     3 -5.918981e+01
     3 -5.918053e+01
     3 -5.916198e+01
     3 -5.914342e+01
     3 -5.911559e+01
     3 -5.910631e+01
     3 -5.909703e+01
     3 -5.908775e+01
     3 -5.907847e+01
     3 -5.906919e+01
     3 -5.905991e+01
     3 -5.905063e+01
     3 -5.904135e+01
     3 -5.903207e+01
     3 -5.902279e+01
     3 -5.901351e+01
     3 -5.891140e+01
     3 -5.890212e+01
     3 -5.889283e+01
     3 -5.888355e+01
     3 -5.887427e+01
     3 -5.886498e+01
     3 -5.885570e+01
     3 -5.874426e+01
     3 -5.872569e+01
     3 -5.869782e+01
     3 -5.865137e+01
     3 -5.863279e+01
     3 -5.858634e+01
     3 -5.854917e+01
     3 -5.853988e+01
     3 -5.853059e+01
     3 -5.852130e+01
     3 -5.851200e+01
     3 -5.840977e+01
     3 -5.840047e+01
     3 -5.839117e+01
     3 -5.838188e+01
     3 -5.837258e+01
     3 -5.836329e+01
     3 -5.835399e+01
     3 -5.834469e+01
     3 -5.833540e+01
     3 -5.832610e+01
     3 -5.831680e+01
     3 -5.830750e+01
     3 -5.808430e+01
     3 -5.807499e+01
     3 -5.806569e+01
     3 -5.805639e+01
     3 -5.804708e+01
     3 -5.803778e+01
     3 -5.802848e+01
     3 -5.801917e+01
     3 -5.800987e+01
     3 -5.784235e+01
     3 -5.780512e+01
     3 -5.772133e+01
     3 -5.770271e+01
     3 -5.769339e+01
     3 -5.755370e+01
     3 -5.754439e+01
     3 -5.725554e+01
     3 -5.720893e+01
     3 -5.710638e+01
     3 -5.702246e+01
     3 -5.701313e+01
     3 -5.700381e+01
     3 -5.699448e+01
     3 -5.698515e+01
     3 -5.697583e+01
     3 -5.689188e+01
     3 -5.688255e+01
     3 -5.687322e+01
     3 -5.686390e+01
     3 -5.685456e+01
     3 -5.684524e+01
     3 -5.683591e+01
     3 -5.679859e+01
     3 -5.668661e+01
     3 -5.667728e+01
     3 -5.666795e+01
     3 -5.665862e+01
     3 -5.664928e+01
     3 -5.663995e+01
     3 -5.663062e+01
     3 -5.662128e+01
     3 -5.661195e+01
     3 -5.660262e+01
     3 -5.659328e+01
     3 -5.652794e+01
     3 -5.650927e+01
     3 -5.649059e+01
     3 -5.648126e+01
     3 -5.647192e+01
     3 -5.646258e+01
     3 -5.645325e+01
     3 -5.644391e+01
     3 -5.643457e+01
     3 -5.642524e+01
     3 -5.641590e+01
     3 -5.639722e+01
     3 -5.638788e+01
     3 -5.637854e+01
     3 -5.636921e+01
     3 -5.635987e+01
     3 -5.635053e+01
     3 -5.634119e+01
     3 -5.633185e+01
     3 -5.632251e+01
     3 -5.631317e+01
     3 -5.630383e+01
     3 -5.629449e+01
     3 -5.628515e+01
     3 -5.612634e+01
     3 -5.611700e+01
     3 -5.593944e+01
     3 -5.593009e+01
     3 -5.589270e+01
     3 -5.587401e+01
     3 -5.586466e+01
     3 -5.585531e+01
     3 -5.583661e+01
     3 -5.582727e+01
     3 -5.581792e+01
     3 -5.580857e+01
     3 -5.579922e+01
     3 -5.567766e+01
     3 -5.566831e+01
     3 -5.565895e+01
     3 -5.564960e+01
     3 -5.564025e+01
     3 -5.563090e+01
     3 -5.561219e+01
     3 -5.560284e+01
     3 -5.559349e+01
     3 -5.558413e+01
     3 -5.541574e+01
     3 -5.539703e+01
     3 -5.537832e+01
     3 -5.535960e+01
     3 -5.531281e+01
     3 -5.530346e+01
     3 -5.529410e+01
     3 -5.528474e+01
     3 -5.527538e+01
     3 -5.526602e+01
     3 -5.524730e+01
     3 -5.522858e+01
     3 -5.517242e+01
     3 -5.516306e+01
     3 -5.515370e+01
     3 -5.514434e+01
     3 -5.501326e+01
     3 -5.499453e+01
     3 -5.497581e+01
     3 -5.494771e+01
     3 -5.493835e+01
     3 -5.492898e+01
     3 -5.491962e+01
     3 -5.490089e+01
     3 -5.489152e+01
     3 -5.488216e+01
     3 -5.486342e+01
     3 -5.479786e+01
     3 -5.478849e+01
     3 -5.477912e+01
     3 -5.419802e+01
     3 -5.417926e+01
     3 -5.416051e+01
     3 -5.415113e+01
     3 -5.414175e+01
     3 -5.413237e+01
     3 -5.412299e+01
     3 -5.411362e+01
     3 -5.410424e+01
     3 -5.409486e+01
     3 -5.408548e+01
     3 -5.407610e+01
     3 -5.406672e+01
     3 -5.405734e+01
     3 -5.404796e+01
     3 -5.374773e+01
     3 -5.373834e+01
     3 -5.372896e+01
     3 -5.371957e+01
     3 -5.371019e+01
     3 -5.370080e+01
     3 -5.369141e+01
     3 -5.368203e+01
     3 -5.366326e+01
     3 -5.364449e+01
     3 -5.363510e+01
     3 -5.362571e+01
     3 -5.361633e+01
     3 -5.360694e+01
     3 -5.358817e+01
     3 -5.357878e+01
     3 -5.356939e+01
     3 -5.356000e+01
     3 -5.355061e+01
     3 -5.353184e+01
     3 -5.351306e+01
     3 -5.349429e+01
     3 -5.343795e+01
     3 -5.340978e+01
     3 -5.340039e+01
     3 -5.339100e+01
     3 -5.338161e+01
     3 -5.337222e+01
     3 -5.336283e+01
     3 -5.335344e+01
     3 -5.334405e+01
     3 -5.325952e+01
     3 -5.324073e+01
     3 -5.323134e+01
     3 -5.322195e+01
     3 -5.321255e+01
     3 -5.320316e+01
     3 -5.319377e+01
     3 -5.318438e+01
     3 -5.317498e+01
     3 -5.316559e+01
     3 -5.315620e+01
     3 -5.314680e+01
     3 -5.313741e+01
     3 -5.312801e+01
     3 -5.311862e+01
     3 -5.310922e+01
     3 -5.309983e+01
     3 -5.309044e+01
     3 -5.308104e+01
     3 -5.307164e+01
     3 -5.306225e+01
     3 -5.305285e+01
     3 -5.293070e+01
     3 -5.292130e+01
     3 -5.285551e+01
     3 -5.265812e+01
     3 -5.264871e+01
     3 -5.263931e+01
     3 -5.201850e+01
     3 -5.199968e+01
     3 -5.199027e+01
     3 -5.198086e+01
     3 -5.197144e+01
     3 -5.196203e+01
     3 -5.195262e+01
     3 -5.194321e+01
     3 -5.192439e+01
     3 -5.191497e+01
     3 -5.190556e+01
     3 -5.189615e+01
     3 -5.188674e+01
     3 -5.187732e+01
     3 -5.186791e+01
     3 -5.185850e+01
     3 -5.184909e+01
     3 -5.183967e+01
     3 -5.183026e+01
     3 -5.182085e+01
     3 -5.181143e+01
     3 -5.158547e+01
     3 -5.154780e+01
     3 -5.153838e+01
     3 -5.152896e+01
     3 -5.151955e+01
     3 -5.151013e+01
     3 -5.150071e+01
     3 -5.149129e+01
     3 -5.148188e+01
     3 -5.147246e+01
     3 -5.146304e+01
     3 -5.145362e+01
     3 -5.144420e+01
     3 -5.143478e+01
     3 -5.142537e+01
     3 -5.141595e+01
     3 -5.140652e+01
     3 -5.139711e+01
     3 -5.138769e+01
     3 -5.135943e+01
     3 -5.135001e+01
     3 -5.133117e+01
     3 -5.132175e+01
     3 -5.131233e+01
     3 -5.130291e+01
     3 -5.128407e+01
     3 -5.104851e+01
     3 -5.102966e+01
     3 -5.101081e+01
     3 -5.100138e+01
     3 -5.099196e+01
     3 -5.098254e+01
     3 -5.097311e+01
     3 -5.096368e+01
     3 -5.095426e+01
     3 -5.094484e+01
     3 -5.093541e+01
     3 -5.091656e+01
     3 -5.089771e+01
     3 -5.088828e+01
     3 -5.087886e+01
     3 -5.086943e+01
     3 -5.086000e+01
     3 -5.076573e+01
     3 -5.074688e+01
     3 -5.058658e+01
     3 -5.055829e+01
     3 -5.053943e+01
     3 -5.053000e+01
     3 -5.052057e+01
     3 -5.051114e+01
     3 -5.050171e+01
     3 -5.049228e+01
     3 -5.048285e+01
     3 -5.047342e+01
     3 -5.046398e+01
     3 -5.045455e+01
     3 -5.044512e+01
     3 -5.043569e+01
     3 -5.042625e+01
     3 -5.041682e+01
     3 -5.040739e+01
     3 -5.039796e+01
     3 -5.035080e+01
     3 -5.034136e+01
     3 -5.033193e+01
     3 -5.032249e+01
     3 -5.031306e+01
     3 -5.030363e+01
     3 -5.029419e+01
     3 -5.028476e+01
