     4 -6.976685e+01
     4 -6.975807e+01
     4 -6.945015e+01
     4 -6.944134e+01
     4 -6.942371e+01
     4 -6.827227e+01
     4 -6.825447e+01
     4 -6.444253e+01
     4 -6.439699e+01
     4 -6.438788e+01
     4 -6.437877e+01
     4 -6.436055e+01
     4 -6.435144e+01
     4 -6.434233e+01
     4 -6.433322e+01
     4 -6.432410e+01
     4 -6.431499e+01
     4 -6.430589e+01
     4 -6.429677e+01
     4 -6.420562e+01
     4 -6.419650e+01
     4 -6.418739e+01
     4 -6.417827e+01
     4 -6.416915e+01
     4 -6.416003e+01
     4 -6.415092e+01
     4 -6.414179e+01
     4 -6.413268e+01
     4 -6.412356e+01
     4 -6.411444e+01
     4 -6.410532e+01
     4 -6.402322e+01
     4 -6.400497e+01
     4 -6.399584e+01
     4 -6.398671e+01
     4 -6.397759e+01
     4 -6.396846e+01
     4 -6.395934e+01
     4 -6.394108e+01
     4 -6.393195e+01
     4 -6.392282e+01
     4 -6.391370e+01
     4 -6.390457e+01
     4 -6.389544e+01
     4 -6.388631e+01
     4 -6.387718e+01
     4 -6.385892e+01
     4 -6.384066e+01
     4 -6.383153e+01
     4 -6.382240e+01
     4 -6.381326e+01
     4 -6.379499e+01
     4 -6.377673e+01
     4 -6.373106e+01
     4 -6.371278e+01
     4 -6.370365e+01
     4 -6.366710e+01
     4 -6.351170e+01
     4 -6.350255e+01
     4 -6.348426e+01
     4 -6.347512e+01
     4 -6.346597e+01
     4 -6.345683e+01
     4 -6.337450e+01
     4 -6.324637e+01
     4 -6.320975e+01
     4 -6.285244e+01
     4 -6.280659e+01
     4 -6.276991e+01
     4 -6.275156e+01
     4 -6.273322e+01
     4 -6.270570e+01
     4 -6.268735e+01
     4 -6.266900e+01
     4 -6.265983e+01
     4 -6.265065e+01
     4 -6.264148e+01
     4 -6.263230e+01
     4 -6.262312e+01
     4 -6.261395e+01
     4 -6.260477e+01
     4 -6.251299e+01
     4 -6.247626e+01
     4 -6.246708e+01
     4 -6.242117e+01
     4 -6.231094e+01
     4 -6.230176e+01
     4 -6.229257e+01
     4 -6.228338e+01
     4 -6.227419e+01
     4 -6.226500e+01
     4 -6.225582e+01
     4 -6.224663e+01
     4 -6.223744e+01
     4 -6.222825e+01
     4 -6.221906e+01
     4 -6.220987e+01
     4 -6.220068e+01
     4 -6.218230e+01
     4 -6.216391e+01
     4 -6.214553e+01
     4 -6.213633e+01
     4 -6.212714e+01
     4 -6.211795e+01
     4 -6.209956e+01
     4 -6.203519e+01
     4 -6.201680e+01
     4 -6.200761e+01
     4 -6.199841e+01
     4 -6.198921e+01
     4 -6.198001e+01
     4 -6.197081e+01
     4 -6.196162e+01
     4 -6.195242e+01
     4 -6.194322e+01
     4 -6.193402e+01
     4 -6.192482e+01
     4 -6.181440e+01
     4 -6.180520e+01
     4 -6.179599e+01
     4 -6.178679e+01
     4 -6.177759e+01
     4 -6.176838e+01
     4 -6.175918e+01
     4 -6.174997e+01
     4 -6.174077e+01
     4 -6.173156e+01
     4 -6.172235e+01
     4 -6.170395e+01
     4 -6.167632e+01
     4 -6.165791e+01
     4 -6.163949e+01
     4 -6.163028e+01
     4 -6.162107e+01
     4 -6.161186e+01
     4 -6.159344e+01
     4 -6.157502e+01
     4 -6.155660e+01
     4 -6.154739e+01
     4 -6.151054e+01
     4 -6.149211e+01
     4 -6.148290e+01
     4 -6.147369e+01
     4 -6.146447e+01
     4 -6.145526e+01
     4 -6.144604e+01
     4 -6.143682e+01
     4 -6.142761e+01
     4 -6.141840e+01
     4 -6.136310e+01
     4 -6.131701e+01
     4 -6.130779e+01
     4 -6.129857e+01
     4 -6.128935e+01
     4 -6.128013e+01
     4 -6.127091e+01
     4 -6.126169e+01
     4 -6.125247e+01
     4 -6.124325e+01
     4 -6.123403e+01
     4 -6.122481e+01
     4 -6.121559e+01
     4 -6.108646e+01
     4 -6.104955e+01
     4 -6.095727e+01
     4 -6.094804e+01
     4 -6.093881e+01
     4 -6.092958e+01
     4 -6.092035e+01
     4 -6.090189e+01
     4 -6.058788e+01
     4 -6.057864e+01
     4 -6.056940e+01
     4 -6.055092e+01
     4 -6.054168e+01
     4 -6.053244e+01
     4 -6.052320e+01
     4 -6.049547e+01
     4 -6.047699e+01
     4 -6.045850e+01
     4 -6.044926e+01
     4 -6.028283e+01
     4 -6.027358e+01
     4 -6.026433e+01
     4 -6.025508e+01
     4 -6.024583e+01
     4 -6.023658e+01
     4 -6.022733e+01
     4 -6.021808e+01
     4 -5.996824e+01
     4 -5.993121e+01
     4 -5.991269e+01
     4 -5.988491e+01
     4 -5.972747e+01
     4 -5.961630e+01
     4 -5.960703e+01
     4 -5.959776e+01
     4 -5.958850e+01
     4 -5.957923e+01
     4 -5.956997e+01
     4 -5.956070e+01
     4 -5.955143e+01
     4 -5.954216e+01
     4 -5.953289e+01
     4 -5.952362e+01
     4 -5.951436e+01
     4 -5.950509e+01
     4 -5.929184e+01
     4 -5.927329e+01
     4 -5.926402e+01
     4 -5.925474e+01
     4 -5.924546e+01
     4 -5.923619e+01
     4 -5.922692e+01
     4 -5.921764e+01
     4 -5.920836e+01
     4 -5.884641e+01
     4 -5.883713e+01
     4 -5.882784e+01
     4 -5.881856e+01
     4 -5.878141e+01
     4 -5.876284e+01
     4 -5.867924e+01
     4 -5.855846e+01
     4 -5.825171e+01
     4 -5.823312e+01
     4 -5.821452e+01
     4 -5.820522e+01
     4 -5.819592e+01
     4 -5.818661e+01
     4 -5.816801e+01
     4 -5.814941e+01
     4 -5.810290e+01
     4 -5.809360e+01
     4 -5.800056e+01
     4 -5.789820e+01
     4 -5.788889e+01
     4 -5.787959e+01
     4 -5.787028e+01
     4 -5.786097e+01
     4 -5.785166e+01
     4 -5.783305e+01
     4 -5.782373e+01
     4 -5.781443e+01
     4 -5.768408e+01
     4 -5.767477e+01
     4 -5.618240e+01
     4 -5.617305e+01
     4 -5.616371e+01
     4 -5.615437e+01
     4 -5.614503e+01
     4 -5.613568e+01
     4 -5.601421e+01
     4 -5.599552e+01
     4 -5.562155e+01
     4 -5.547188e+01
     4 -5.546252e+01
     4 -5.545317e+01
     4 -5.544381e+01
     4 -5.543446e+01
     4 -5.542510e+01
     4 -5.534089e+01
     4 -5.533153e+01
     4 -5.532217e+01
     4 -5.513498e+01
     4 -5.512561e+01
     4 -5.511625e+01
     4 -5.510689e+01
     4 -5.509753e+01
     4 -5.508817e+01
     4 -5.507880e+01
     4 -5.506944e+01
     4 -5.496644e+01
     4 -5.495708e+01
     4 -5.491026e+01
     4 -5.484469e+01
     4 -5.482596e+01
     4 -5.481659e+01
     4 -5.480722e+01
     4 -5.476975e+01
     4 -5.476038e+01
     4 -5.475102e+01
     4 -5.474165e+01
     4 -5.473228e+01
     4 -5.471354e+01
     4 -5.469481e+01
     4 -5.465733e+01
     4 -5.464796e+01
     4 -5.463859e+01
     4 -5.462922e+01
     4 -5.461985e+01
     4 -5.461048e+01
     4 -5.460110e+01
     4 -5.459174e+01
     4 -5.458236e+01
     4 -5.457299e+01
     4 -5.456362e+01
     4 -5.446053e+01
     4 -5.445116e+01
     4 -5.444178e+01
     4 -5.443241e+01
     4 -5.442303e+01
     4 -5.441366e+01
     4 -5.440429e+01
     4 -5.439491e+01
     4 -5.438554e+01
     4 -5.437616e+01
     4 -5.436679e+01
     4 -5.432929e+01
     4 -5.431054e+01
     4 -5.429179e+01
     4 -5.428241e+01
     4 -5.427303e+01
     4 -5.402920e+01
     4 -5.395415e+01
     4 -5.394477e+01
     4 -5.393539e+01
     4 -5.392601e+01
     4 -5.391663e+01
     4 -5.390725e+01
     4 -5.389786e+01
     4 -5.388848e+01
     4 -5.387910e+01
     4 -5.386972e+01
     4 -5.386033e+01
     4 -5.385095e+01
     4 -5.381342e+01
     4 -5.379465e+01
     4 -5.377588e+01
     4 -5.375711e+01
     4 -5.359755e+01
     4 -5.342856e+01
     4 -5.341917e+01
     4 -5.304346e+01
     4 -5.303406e+01
     4 -5.302467e+01
     4 -5.301527e+01
     4 -5.299648e+01
     4 -5.297768e+01
     4 -5.295889e+01
     4 -5.291190e+01
     4 -5.284612e+01
     4 -5.283672e+01
     4 -5.277092e+01
     4 -5.275212e+01
     4 -5.274272e+01
     4 -5.273332e+01
     4 -5.272392e+01
     4 -5.271452e+01
     4 -5.270512e+01
     4 -5.269572e+01
     4 -5.268632e+01
     4 -5.267692e+01
     4 -5.266751e+01
     4 -5.262991e+01
     4 -5.262051e+01
     4 -5.261111e+01
     4 -5.260170e+01
     4 -5.259230e+01
     4 -5.258290e+01
     4 -5.257350e+01
     4 -5.256409e+01
     4 -5.255469e+01
     4 -5.254529e+01
     4 -5.253588e+01
     4 -5.252648e+01
     4 -5.251708e+01
     4 -5.250768e+01
     4 -5.249827e+01
     4 -5.248886e+01
     4 -5.247946e+01
     4 -5.246066e+01
     4 -5.244184e+01
     4 -5.242303e+01
     4 -5.241363e+01
     4 -5.240422e+01
     4 -5.239482e+01
     4 -5.238541e+01
     4 -5.237601e+01
     4 -5.236660e+01
     4 -5.235720e+01
     4 -5.234779e+01
     4 -5.233839e+01
     4 -5.232898e+01
     4 -5.225372e+01
     4 -5.223491e+01
     4 -5.221609e+01
     4 -5.220669e+01
     4 -5.219728e+01
     4 -5.218787e+01
     4 -5.217846e+01
     4 -5.216905e+01
     4 -5.215965e+01
     4 -5.215024e+01
     4 -5.214083e+01
     4 -5.213142e+01
     4 -5.212201e+01
     4 -5.210319e+01
     4 -5.208437e+01
     4 -5.206555e+01
     4 -5.205614e+01
     4 -5.204673e+01
     4 -5.203732e+01
     4 -5.202791e+01
     4 -5.200909e+01
     4 -5.173612e+01
     4 -5.171729e+01
     4 -5.170787e+01
     4 -5.169846e+01
     4 -5.168904e+01
     4 -5.167963e+01
     4 -5.167021e+01
     4 -5.166080e+01
     4 -5.165138e+01
     4 -5.164197e+01
     4 -5.163255e+01
     4 -5.162313e+01
     4 -5.161372e+01
     4 -5.156664e+01
     4 -5.137827e+01
     4 -5.136885e+01
     4 -5.134059e+01
     4 -5.119927e+01
     4 -5.118985e+01
     4 -5.118043e+01
     4 -5.117101e+01
     4 -5.116159e+01
     4 -5.115216e+01
     4 -5.114274e+01
     4 -5.113332e+01
     4 -5.112389e+01
     4 -5.111447e+01
     4 -5.110505e+01
     4 -5.085057e+01
     4 -5.084115e+01
     4 -5.083172e+01
     4 -5.082230e+01
     4 -5.081287e+01
     4 -5.080344e+01
     4 -5.079401e+01
     4 -5.078459e+01
     4 -5.069031e+01
     4 -5.068088e+01
     4 -5.067145e+01
     4 -5.066202e+01
     4 -5.065259e+01
     4 -5.064316e+01
     4 -5.063373e+01
     4 -5.062430e+01
     4 -5.061487e+01
     4 -5.060544e+01
     4 -5.059601e+01
     4 -5.057715e+01
     4 -5.037909e+01
     4 -5.036966e+01
     4 -5.036023e+01
