     5 -5.156309e+01
     5 -5.154425e+01
     5 -5.153483e+01
     5 -5.127101e+01
     5 -5.126159e+01
     5 -5.125216e+01
     5 -5.116734e+01
     5 -5.115791e+01
     5 -5.105422e+01
     5 -5.104480e+01
     5 -5.103537e+01
     5 -5.102594e+01
     5 -5.100709e+01
     5 -5.099766e+01
     5 -5.098823e+01
     5 -5.097881e+01
     5 -5.096938e+01
     5 -5.095052e+01
     5 -5.094109e+01
     5 -5.093166e+01
     5 -5.092223e+01
     5 -5.091280e+01
     5 -5.090338e+01
     5 -5.089395e+01
     5 -5.088452e+01
     5 -5.087509e+01
     5 -5.086566e+01
     5 -5.078079e+01
     5 -5.076193e+01
     5 -5.075250e+01
     5 -5.074307e+01
     5 -5.072421e+01
     5 -5.071478e+01
     5 -5.069591e+01
     5 -5.068648e+01
     5 -5.066762e+01
     5 -5.065818e+01
     5 -5.064875e+01
     5 -5.063932e+01
     5 -5.062989e+01
     5 -5.062045e+01
     5 -5.061102e+01
     5 -5.060159e+01
     5 -5.059216e+01
     5 -5.058272e+01
     5 -5.057329e+01
     5 -5.056386e+01
     5 -5.055442e+01
     5 -5.054499e+01
     5 -5.053556e+01
     5 -5.052612e+01
     5 -5.051669e+01
     5 -5.050726e+01
     5 -5.049782e+01
     5 -5.048839e+01
     5 -5.047895e+01
     5 -5.046952e+01
     5 -5.046008e+01
     5 -5.045065e+01
     5 -5.044121e+01
     5 -5.043178e+01
     5 -5.042234e+01
     5 -5.041291e+01
     5 -5.040347e+01
     5 -5.039404e+01
     5 -5.038460e+01
     5 -5.037517e+01
     5 -5.036573e+01
     5 -5.035630e+01
     5 -5.029024e+01
     5 -5.026193e+01
     5 -5.025249e+01
     5 -5.022418e+01
     5 -5.019587e+01
     5 -5.014867e+01
     5 -5.013924e+01
     5 -5.012980e+01
     5 -5.012036e+01
     5 -5.011092e+01
     5 -5.010148e+01
     5 -5.008260e+01
     5 -5.007316e+01
     5 -5.005428e+01
     5 -5.004484e+01
     5 -5.003540e+01
     5 -5.002591e+01
     5 -5.001646e+01
     5 -5.000702e+01
     5 -4.999759e+01
     5 -4.998814e+01
     5 -4.997870e+01
     5 -4.996926e+01
     5 -4.995982e+01
     5 -4.995038e+01
     5 -4.994094e+01
     5 -4.993150e+01
     5 -4.992205e+01
     5 -4.991261e+01
     5 -4.990317e+01
     5 -4.989373e+01
     5 -4.988429e+01
     5 -4.987485e+01
     5 -4.986541e+01
     5 -4.985596e+01
     5 -4.984652e+01
     5 -4.981820e+01
     5 -4.978986e+01
     5 -4.977098e+01
     5 -4.976154e+01
     5 -4.974265e+01
     5 -4.964821e+01
     5 -4.963876e+01
     5 -4.962932e+01
     5 -4.961987e+01
     5 -4.961043e+01
     5 -4.959154e+01
     5 -4.958209e+01
     5 -4.956320e+01
     5 -4.955375e+01
     5 -4.953486e+01
     5 -4.952542e+01
     5 -4.951597e+01
     5 -4.950652e+01
     5 -4.949708e+01
     5 -4.948763e+01
     5 -4.947818e+01
     5 -4.946873e+01
     5 -4.945929e+01
     5 -4.944984e+01
     5 -4.944040e+01
     5 -4.943095e+01
     5 -4.942150e+01
     5 -4.941205e+01
     5 -4.940261e+01
     5 -4.939316e+01
     5 -4.938371e+01
     5 -4.937426e+01
     5 -4.936481e+01
     5 -4.935537e+01
     5 -4.934592e+01
     5 -4.933647e+01
     5 -4.932702e+01
     5 -4.929868e+01
     5 -4.928923e+01
     5 -4.927978e+01
     5 -4.927033e+01
     5 -4.926088e+01
     5 -4.925143e+01
     5 -4.924198e+01
     5 -4.923253e+01
     5 -4.915693e+01
     5 -4.912857e+01
     5 -4.911913e+01
     5 -4.910967e+01
     5 -4.909077e+01
     5 -4.906242e+01
     5 -4.902461e+01
     5 -4.901516e+01
     5 -4.900570e+01
     5 -4.899625e+01
     5 -4.898680e+01
     5 -4.897734e+01
     5 -4.896789e+01
     5 -4.895844e+01
     5 -4.894899e+01
     5 -4.893953e+01
     5 -4.893008e+01
     5 -4.892063e+01
     5 -4.891117e+01
     5 -4.890172e+01
     5 -4.889227e+01
     5 -4.888281e+01
     5 -4.887336e+01
     5 -4.886391e+01
     5 -4.885445e+01
     5 -4.884500e+01
     5 -4.883554e+01
     5 -4.882609e+01
     5 -4.881664e+01
     5 -4.880718e+01
     5 -4.879773e+01
     5 -4.878827e+01
     5 -4.877882e+01
     5 -4.876936e+01
     5 -4.875991e+01
     5 -4.875045e+01
     5 -4.874099e+01
     5 -4.873154e+01
     5 -4.872208e+01
     5 -4.871263e+01
     5 -4.863698e+01
     5 -4.859915e+01
     5 -4.857078e+01
     5 -4.851403e+01
     5 -4.850457e+01
     5 -4.849512e+01
     5 -4.848566e+01
     5 -4.847620e+01
     5 -4.846674e+01
     5 -4.845728e+01
     5 -4.844782e+01
     5 -4.843837e+01
     5 -4.842891e+01
     5 -4.841945e+01
     5 -4.840999e+01
     5 -4.840053e+01
     5 -4.839107e+01
     5 -4.838161e+01
     5 -4.837215e+01
     5 -4.836269e+01
     5 -4.835323e+01
     5 -4.834377e+01
     5 -4.833431e+01
     5 -4.832485e+01
     5 -4.831539e+01
     5 -4.830593e+01
     5 -4.814515e+01
     5 -4.809784e+01
     5 -4.808837e+01
     5 -4.807891e+01
     5 -4.805052e+01
     5 -4.799374e+01
     5 -4.798428e+01
     5 -4.797481e+01
     5 -4.795588e+01
     5 -4.794642e+01
     5 -4.789910e+01
     5 -4.788963e+01
     5 -4.788017e+01
     5 -4.787070e+01
     5 -4.786124e+01
     5 -4.785177e+01
     5 -4.777604e+01
     5 -4.717000e+01
     5 -4.711316e+01
     5 -4.703737e+01
     5 -4.702790e+01
     5 -4.701842e+01
     5 -4.700895e+01
     5 -4.699947e+01
     5 -4.699000e+01
     5 -4.698052e+01
     5 -4.697105e+01
     5 -4.696157e+01
     5 -4.695210e+01
     5 -4.694262e+01
     5 -4.657302e+01
     5 -4.653511e+01
     5 -4.651615e+01
     5 -4.650667e+01
     5 -4.649719e+01
     5 -4.648771e+01
     5 -4.647817e+01
     5 -4.646869e+01
     5 -4.645921e+01
     5 -4.644973e+01
     5 -4.644025e+01
     5 -4.643077e+01
     5 -4.639285e+01
     5 -4.638337e+01
     5 -4.626011e+01
     5 -4.625063e+01
     5 -4.593766e+01
     5 -4.483677e+01
     5 -4.482727e+01
     5 -4.481778e+01
     5 -4.480828e+01
     5 -4.477029e+01
     5 -4.475130e+01
     5 -4.474181e+01
     5 -4.352560e+01
     5 -4.351609e+01
     5 -4.350658e+01
     5 -4.349708e+01
     5 -4.348757e+01
     5 -4.347806e+01
     5 -4.346856e+01
     5 -4.345905e+01
     5 -4.344003e+01
     5 -4.343052e+01
     5 -4.293598e+01
     5 -4.290738e+01
     5 -4.288836e+01
     5 -4.287885e+01
     5 -4.285982e+01
     5 -4.285031e+01
     5 -4.279322e+01
     5 -4.271711e+01
     5 -4.270760e+01
     5 -4.269809e+01
     5 -4.268857e+01
     5 -4.267905e+01
     5 -4.247923e+01
     5 -4.246020e+01
     5 -4.244117e+01
     5 -4.243165e+01
     5 -4.242213e+01
     5 -4.213659e+01
     5 -4.212708e+01
     5 -4.210804e+01
     5 -4.138435e+01
     5 -4.137482e+01
     5 -4.136530e+01
     5 -4.135577e+01
     5 -4.097476e+01
     5 -4.096523e+01
     5 -4.095570e+01
     5 -4.094617e+01
     5 -4.093665e+01
     5 -4.080324e+01
     5 -4.079371e+01
     5 -4.077465e+01
     5 -4.069841e+01
     5 -4.068888e+01
     5 -4.067935e+01
     5 -4.066982e+01
     5 -4.066029e+01
     5 -4.064122e+01
     5 -4.063169e+01
     5 -4.061263e+01
     5 -4.060310e+01
     5 -3.973548e+01
     5 -3.970686e+01
     5 -3.968779e+01
     5 -3.967825e+01
     5 -3.929662e+01
     5 -3.928708e+01
     5 -3.927754e+01
     5 -3.926800e+01
     5 -3.925846e+01
     5 -3.924892e+01
     5 -3.923938e+01
     5 -3.922983e+01
     5 -3.922029e+01
     5 -3.921075e+01
     5 -3.920121e+01
     5 -3.919167e+01
     5 -3.687123e+01
     5 -3.677566e+01
     5 -3.676610e+01
     5 -3.668008e+01
     5 -3.667052e+01
     5 -3.666096e+01
     5 -3.665141e+01
     5 -3.610648e+01
     5 -3.609691e+01
     5 -3.608735e+01
     5 -3.587697e+01
     5 -3.586741e+01
     5 -3.585785e+01
     5 -3.584828e+01
     5 -3.583872e+01
     5 -3.582915e+01
     5 -3.581959e+01
     5 -3.569520e+01
     5 -3.568563e+01
     5 -3.567607e+01
     5 -3.566650e+01
     5 -3.565694e+01
     5 -3.564738e+01
     5 -3.563781e+01
     5 -3.562825e+01
     5 -3.561868e+01
     5 -3.560912e+01
     5 -3.559955e+01
     5 -3.558999e+01
     5 -3.558042e+01
     5 -3.557086e+01
     5 -3.556129e+01
     5 -3.555173e+01
     5 -3.554216e+01
     5 -3.553260e+01
     5 -3.552303e+01
     5 -3.551347e+01
     5 -3.550390e+01
     5 -3.547520e+01
     5 -3.542737e+01
     5 -3.540824e+01
     5 -3.539867e+01
     5 -3.538911e+01
     5 -3.537954e+01
     5 -3.536998e+01
     5 -3.536041e+01
     5 -3.535084e+01
     5 -3.534127e+01
     5 -3.533171e+01
     5 -3.532214e+01
     5 -3.531258e+01
     5 -3.530301e+01
     5 -3.529344e+01
     5 -3.528387e+01
     5 -3.527431e+01
     5 -3.526474e+01
     5 -3.525518e+01
     5 -3.524561e+01
     5 -3.523604e+01
     5 -3.522647e+01
     5 -3.521691e+01
     5 -3.520734e+01
     5 -3.515950e+01
     5 -3.514037e+01
     5 -3.506382e+01
     5 -3.502555e+01
     5 -3.501598e+01
     5 -3.500641e+01
     5 -3.499685e+01
     5 -3.498727e+01
     5 -3.497771e+01
     5 -3.496814e+01
     5 -3.495857e+01
     5 -3.494900e+01
     5 -3.493943e+01
     5 -3.492029e+01
     5 -3.491072e+01
     5 -3.490115e+01
     5 -3.489159e+01
     5 -3.487245e+01
     5 -3.486288e+01
     5 -3.484374e+01
     5 -3.483417e+01
     5 -3.482460e+01
     5 -3.481503e+01
     5 -3.480546e+01
     5 -3.479589e+01
     5 -3.478632e+01
     5 -3.477675e+01
     5 -3.476718e+01
     5 -3.475761e+01
     5 -3.472890e+01
     5 -3.471933e+01
     5 -3.470976e+01
     5 -3.470019e+01
     5 -3.469062e+01
     5 -3.465234e+01
     5 -3.405885e+01
     5 -3.404927e+01
     5 -3.403970e+01
     5 -3.402055e+01
     5 -3.401098e+01
     5 -3.400140e+01
     5 -3.399183e+01
     5 -3.398226e+01
     5 -3.397268e+01
     5 -3.396317e+01
     5 -3.395359e+01
     5 -3.394402e+01
     5 -3.393444e+01
     5 -3.392487e+01
     5 -3.391529e+01
     5 -3.390572e+01
     5 -3.389614e+01
     5 -3.388657e+01
     5 -3.387699e+01
     5 -3.386742e+01
     5 -3.385784e+01
     5 -3.379081e+01
     5 -3.377166e+01
     5 -3.376209e+01
     5 -3.375251e+01
     5 -3.374294e+01
     5 -3.373336e+01
     5 -3.372379e+01
     5 -3.371421e+01
     5 -3.370463e+01
     5 -3.369506e+01
     5 -3.368548e+01
     5 -3.367590e+01
     5 -3.366633e+01
     5 -3.365675e+01
     5 -3.364717e+01
     5 -3.362802e+01
     5 -3.361845e+01
     5 -3.360887e+01
     5 -3.359929e+01
     5 -3.358971e+01
     5 -3.358014e+01
     5 -3.357056e+01
     5 -3.352268e+01
     5 -3.349395e+01
     5 -3.347479e+01
     5 -3.346521e+01
     5 -3.345564e+01
     5 -3.344606e+01
     5 -3.343648e+01
     5 -3.342690e+01
     5 -3.341733e+01
     5 -3.340775e+01
     5 -3.339817e+01
     5 -3.338859e+01
     5 -3.337902e+01
     5 -3.336944e+01
     5 -3.335986e+01
     5 -3.335028e+01
     5 -3.334070e+01
     5 -3.333113e+01
     5 -3.331197e+01
     5 -3.323534e+01
     5 -3.322576e+01
     5 -3.321618e+01
     5 -3.320660e+01
     5 -3.319703e+01
     5 -3.318745e+01
     5 -3.317787e+01
     5 -3.316829e+01
     5 -3.315871e+01
     5 -3.314913e+01
     5 -3.313955e+01
     5 -3.312997e+01
     5 -3.312039e+01
     5 -3.311081e+01
     5 -3.310123e+01
     5 -3.309166e+01
     5 -3.308208e+01
     5 -3.307249e+01
     5 -3.306292e+01
     5 -3.305334e+01
     5 -3.304376e+01
     5 -3.303418e+01
     5 -3.302460e+01
     5 -3.300544e+01
     5 -3.299586e+01
     5 -3.297670e+01
     5 -3.296712e+01
     5 -3.295754e+01
     5 -3.294796e+01
     5 -3.293838e+01
     5 -3.292880e+01
     5 -3.291922e+01
     5 -3.290964e+01
     5 -3.290005e+01
     5 -3.289048e+01
     5 -3.288089e+01
     5 -3.287132e+01
     5 -3.286173e+01
     5 -3.285215e+01
     5 -3.284257e+01
     5 -3.283299e+01
     5 -3.282341e+01
     5 -3.281383e+01
     5 -3.280425e+01
     5 -3.278508e+01
     5 -3.275634e+01
     5 -3.270844e+01
     5 -3.253596e+01
     5 -3.252637e+01
     5 -3.251679e+01
     5 -3.247846e+01
     5 -3.245930e+01
     5 -3.244971e+01
     5 -3.243055e+01
     5 -3.242096e+01
     5 -3.241138e+01
     5 -3.240180e+01
     5 -3.239222e+01
     5 -3.238263e+01
     5 -3.237305e+01
     5 -3.236346e+01
     5 -3.235388e+01
     5 -3.234430e+01
     5 -3.233471e+01
     5 -3.232513e+01
     5 -3.231555e+01
     5 -3.230596e+01
     5 -3.229638e+01
     5 -3.228680e+01
     5 -3.227721e+01
     5 -3.226763e+01
     5 -3.225805e+01
     5 -3.223888e+01
     5 -3.221012e+01
     5 -3.219096e+01
     5 -3.218137e+01
     5 -3.217173e+01
     5 -3.216214e+01
     5 -3.215256e+01
     5 -3.214297e+01
     5 -3.213339e+01
     5 -3.212380e+01
     5 -3.211422e+01
     5 -3.210463e+01
     5 -3.209505e+01
     5 -3.208546e+01
     5 -3.207588e+01
     5 -3.206630e+01
     5 -3.205671e+01
     5 -3.204712e+01
     5 -3.203754e+01
     5 -3.202795e+01
     5 -3.200879e+01
     5 -3.199920e+01
     5 -3.198003e+01
     5 -3.196086e+01
     5 -3.194168e+01
     5 -3.193210e+01
     5 -3.192251e+01
     5 -3.191293e+01
     5 -3.190334e+01
     5 -3.189376e+01
     5 -3.188417e+01
     5 -3.187458e+01
     5 -3.186500e+01
     5 -3.185541e+01
     5 -3.184583e+01
     5 -3.183624e+01
     5 -3.182665e+01
     5 -3.181707e+01
     5 -3.180748e+01
     5 -3.179790e+01
     5 -3.178831e+01
     5 -3.177872e+01
     5 -3.176914e+01
     5 -3.166368e+01
     5 -3.165409e+01
     5 -3.164451e+01
     5 -3.163492e+01
     5 -3.162533e+01
     5 -3.161575e+01
     5 -3.160616e+01
     5 -3.159657e+01
     5 -3.158698e+01
     5 -3.157739e+01
