     3 -5.151599e+01
     3 -5.150657e+01
     3 -5.149715e+01
     3 -5.148773e+01
     3 -5.147831e+01
     3 -5.142178e+01
     3 -5.139351e+01
     3 -5.135582e+01
     3 -5.132755e+01
     3 -5.124274e+01
     3 -5.123331e+01
     3 -5.122389e+01
     3 -5.121446e+01
     3 -5.120504e+01
     3 -5.119561e+01
     3 -5.117676e+01
     3 -5.114849e+01
     3 -5.113906e+01
     3 -5.112963e+01
     3 -5.112021e+01
     3 -5.111078e+01
     3 -5.110136e+01
     3 -5.109193e+01
     3 -5.108250e+01
     3 -5.107308e+01
     3 -5.106365e+01
     3 -5.101651e+01
     3 -4.801266e+01
     3 -4.793695e+01
     3 -4.792749e+01
     3 -4.779498e+01
     3 -4.776657e+01
     3 -4.774764e+01
     3 -4.773818e+01
     3 -4.749201e+01
     3 -4.748254e+01
     3 -4.747307e+01
     3 -4.746360e+01
     3 -4.745413e+01
     3 -4.717947e+01
     3 -4.716053e+01
     3 -4.714158e+01
     3 -4.708474e+01
     3 -4.707526e+01
     3 -4.706579e+01
     3 -4.705632e+01
     3 -4.704684e+01
     3 -4.656354e+01
     3 -4.655407e+01
     3 -4.652563e+01
     3 -4.642129e+01
     3 -4.641181e+01
     3 -4.640233e+01
     3 -4.637389e+01
     3 -4.636440e+01
     3 -4.635492e+01
     3 -4.627907e+01
     3 -4.485576e+01
     3 -4.484626e+01
     3 -4.479878e+01
     3 -4.478929e+01
     3 -4.477979e+01
     3 -4.476080e+01
     3 -4.473231e+01
     3 -4.380128e+01
     3 -4.353511e+01
     3 -4.337347e+01
     3 -4.296452e+01
     3 -4.280274e+01
     3 -4.272663e+01
     3 -4.249826e+01
     3 -4.248875e+01
     3 -4.246972e+01
     3 -4.134624e+01
     3 -4.092712e+01
     3 -4.091759e+01
     3 -4.090806e+01
     3 -4.089853e+01
     3 -4.088900e+01
     3 -4.087947e+01
     3 -4.086994e+01
     3 -4.072700e+01
     3 -4.065076e+01
     3 -4.062216e+01
     3 -3.996436e+01
     3 -3.686168e+01
     3 -3.685212e+01
     3 -3.684256e+01
     3 -3.683300e+01
     3 -3.682345e+01
     3 -3.681389e+01
     3 -3.680433e+01
     3 -3.679477e+01
     3 -3.678522e+01
     3 -3.675654e+01
     3 -3.674699e+01
     3 -3.673743e+01
     3 -3.672787e+01
     3 -3.671831e+01
     3 -3.670875e+01
     3 -3.669920e+01
     3 -3.668964e+01
     3 -3.657494e+01
     3 -3.621165e+01
     3 -3.620209e+01
     3 -3.619253e+01
     3 -3.618297e+01
     3 -3.617340e+01
     3 -3.616385e+01
     3 -3.615428e+01
     3 -3.614472e+01
     3 -3.613516e+01
     3 -3.612560e+01
     3 -3.611604e+01
     3 -3.606823e+01
     3 -3.605866e+01
     3 -3.603954e+01
     3 -3.599173e+01
     3 -3.596304e+01
     3 -3.595348e+01
     3 -3.594391e+01
     3 -3.593435e+01
     3 -3.592479e+01
     3 -3.591523e+01
     3 -3.590566e+01
     3 -3.589610e+01
     3 -3.588654e+01
     3 -3.581003e+01
     3 -3.580046e+01
     3 -3.579090e+01
     3 -3.578134e+01
     3 -3.577177e+01
     3 -3.576215e+01
     3 -3.575259e+01
     3 -3.574302e+01
     3 -3.572389e+01
     3 -3.571433e+01
     3 -3.570476e+01
     3 -3.513080e+01
     3 -3.511166e+01
     3 -3.510209e+01
     3 -3.509253e+01
     3 -3.508296e+01
     3 -3.507339e+01
     3 -3.505425e+01
     3 -3.504469e+01
     3 -3.503512e+01
     3 -3.474804e+01
     3 -3.473847e+01
     3 -3.468105e+01
     3 -3.467148e+01
     3 -3.464277e+01
     3 -3.452792e+01
     3 -3.451834e+01
     3 -3.450877e+01
     3 -3.449920e+01
     3 -3.448963e+01
     3 -3.448006e+01
     3 -3.447049e+01
     3 -3.446091e+01
     3 -3.445134e+01
     3 -3.444177e+01
     3 -3.443220e+01
     3 -3.442263e+01
     3 -3.425990e+01
     3 -3.425032e+01
     3 -3.424075e+01
     3 -3.423117e+01
     3 -3.422160e+01
     3 -3.421203e+01
     3 -3.420246e+01
     3 -3.363760e+01
     3 -3.355141e+01
     3 -3.354183e+01
     3 -3.350352e+01
     3 -3.271801e+01
     3 -3.269885e+01
     3 -3.268927e+01
     3 -3.267969e+01
     3 -3.267011e+01
     3 -3.266053e+01
     3 -3.265094e+01
     3 -3.264136e+01
     3 -3.263178e+01
     3 -3.262220e+01
     3 -3.261262e+01
     3 -3.260303e+01
     3 -3.259345e+01
     3 -3.258387e+01
     3 -3.257429e+01
     3 -3.256470e+01
     3 -3.255512e+01
     3 -3.254554e+01
     3 -3.250721e+01
     3 -3.195127e+01
