     4 -4.751095e+01
     4 -4.725525e+01
     4 -4.722683e+01
     4 -4.719841e+01
     4 -4.693315e+01
     4 -4.692367e+01
     4 -4.691420e+01
     4 -4.587127e+01
     4 -4.447593e+01
     4 -4.435243e+01
     4 -4.431443e+01
     4 -4.430493e+01
     4 -4.420042e+01
     4 -4.402938e+01
     4 -4.401987e+01
     4 -4.393435e+01
     4 -4.387732e+01
     4 -4.379178e+01
     4 -4.342101e+01
     4 -4.341151e+01
     4 -4.340200e+01
     4 -4.339249e+01
     4 -4.322132e+01
     4 -4.321181e+01
     4 -4.320230e+01
     4 -4.319279e+01
     4 -4.317377e+01
     4 -4.315475e+01
     4 -4.295501e+01
     4 -4.278371e+01
     4 -4.211755e+01
     4 -4.209852e+01
     4 -4.193668e+01
     4 -4.192715e+01
     4 -4.177481e+01
     4 -4.176529e+01
     4 -4.100334e+01
     4 -4.099382e+01
     4 -4.098429e+01
     4 -4.081277e+01
     4 -4.050779e+01
     4 -4.049825e+01
     4 -3.702414e+01
