     4 -5.156309e+01
     4 -5.126159e+01
     4 -5.108250e+01
     4 -5.098823e+01
     4 -5.097881e+01
     4 -5.060159e+01
     4 -5.059216e+01
     4 -5.058272e+01
     4 -5.057329e+01
     4 -5.056386e+01
     4 -5.055442e+01
     4 -5.054499e+01
     4 -5.053556e+01
     4 -5.052612e+01
     4 -5.051669e+01
     4 -5.050726e+01
     4 -5.049782e+01
     4 -5.048839e+01
     4 -5.047895e+01
     4 -5.046952e+01
     4 -5.046008e+01
     4 -5.045065e+01
     4 -5.044121e+01
     4 -5.043178e+01
     4 -5.042234e+01
     4 -5.041291e+01
     4 -5.040347e+01
     4 -5.039404e+01
     4 -5.038460e+01
     4 -5.037517e+01
     4 -5.036573e+01
     4 -5.035630e+01
     4 -5.029024e+01
     4 -5.026193e+01
     4 -5.025249e+01
     4 -5.022418e+01
     4 -5.014867e+01
     4 -5.013924e+01
     4 -5.012980e+01
     4 -5.012036e+01
     4 -5.010148e+01
     4 -5.008260e+01
     4 -5.007316e+01
     4 -5.005428e+01
     4 -5.004484e+01
     4 -5.003540e+01
     4 -5.001646e+01
     4 -5.000702e+01
     4 -4.999759e+01
     4 -4.990317e+01
     4 -4.989373e+01
     4 -4.988429e+01
     4 -4.987485e+01
     4 -4.986541e+01
     4 -4.985596e+01
     4 -4.984652e+01
     4 -4.981820e+01
     4 -4.978986e+01
     4 -4.977098e+01
     4 -4.976154e+01
     4 -4.974265e+01
     4 -4.964821e+01
     4 -4.963876e+01
     4 -4.962932e+01
     4 -4.961987e+01
     4 -4.961043e+01
     4 -4.959154e+01
     4 -4.958209e+01
     4 -4.956320e+01
     4 -4.955375e+01
     4 -4.953486e+01
     4 -4.952542e+01
     4 -4.951597e+01
     4 -4.950652e+01
     4 -4.949708e+01
     4 -4.948763e+01
     4 -4.947818e+01
     4 -4.946873e+01
     4 -4.945929e+01
     4 -4.944984e+01
     4 -4.944040e+01
     4 -4.943095e+01
     4 -4.942150e+01
     4 -4.941205e+01
     4 -4.940261e+01
     4 -4.939316e+01
     4 -4.938371e+01
     4 -4.937426e+01
     4 -4.936481e+01
     4 -4.935537e+01
     4 -4.934592e+01
     4 -4.933647e+01
     4 -4.932702e+01
     4 -4.929868e+01
     4 -4.928923e+01
     4 -4.927978e+01
     4 -4.927033e+01
     4 -4.926088e+01
     4 -4.925143e+01
     4 -4.924198e+01
     4 -4.923253e+01
     4 -4.915693e+01
     4 -4.912857e+01
     4 -4.911913e+01
     4 -4.910967e+01
     4 -4.909077e+01
     4 -4.906242e+01
     4 -4.902461e+01
     4 -4.901516e+01
     4 -4.900570e+01
     4 -4.899625e+01
     4 -4.898680e+01
     4 -4.897734e+01
     4 -4.896789e+01
     4 -4.895844e+01
     4 -4.894899e+01
     4 -4.893953e+01
     4 -4.893008e+01
     4 -4.892063e+01
     4 -4.891117e+01
     4 -4.890172e+01
     4 -4.889227e+01
     4 -4.888281e+01
     4 -4.887336e+01
     4 -4.886391e+01
     4 -4.885445e+01
     4 -4.884500e+01
     4 -4.883554e+01
     4 -4.882609e+01
     4 -4.881664e+01
     4 -4.880718e+01
     4 -4.879773e+01
     4 -4.878827e+01
     4 -4.877882e+01
     4 -4.876936e+01
     4 -4.875991e+01
     4 -4.875045e+01
     4 -4.843837e+01
     4 -4.841945e+01
     4 -4.840999e+01
     4 -4.840053e+01
     4 -4.830593e+01
     4 -4.814515e+01
     4 -4.809784e+01
     4 -4.808837e+01
     4 -4.807891e+01
     4 -4.805052e+01
     4 -4.801266e+01
     4 -4.799374e+01
     4 -4.798428e+01
     4 -4.797481e+01
     4 -4.795588e+01
     4 -4.794642e+01
     4 -4.793695e+01
     4 -4.792749e+01
     4 -4.789910e+01
     4 -4.788963e+01
     4 -4.788017e+01
     4 -4.787070e+01
     4 -4.786124e+01
     4 -4.785177e+01
     4 -4.779498e+01
     4 -4.777604e+01
     4 -4.776657e+01
     4 -4.774764e+01
     4 -4.773818e+01
     4 -4.751095e+01
     4 -4.749201e+01
     4 -4.748254e+01
     4 -4.747307e+01
     4 -4.746360e+01
     4 -4.745413e+01
     4 -4.725525e+01
     4 -4.722683e+01
     4 -4.719841e+01
     4 -4.717947e+01
     4 -4.717000e+01
     4 -4.706579e+01
     4 -4.705632e+01
     4 -4.704684e+01
     4 -4.703737e+01
     4 -4.702790e+01
     4 -4.701842e+01
     4 -4.700895e+01
     4 -4.699947e+01
     4 -4.699000e+01
     4 -4.698052e+01
     4 -4.697105e+01
     4 -4.696157e+01
     4 -4.695210e+01
     4 -4.694262e+01
     4 -4.693315e+01
     4 -4.692367e+01
     4 -4.691420e+01
     4 -4.689525e+01
     4 -4.657302e+01
     4 -4.656354e+01
     4 -4.655407e+01
     4 -4.653511e+01
     4 -4.652563e+01
     4 -4.651615e+01
     4 -4.650667e+01
     4 -4.649719e+01
     4 -4.648771e+01
     4 -4.647817e+01
     4 -4.646869e+01
     4 -4.645921e+01
     4 -4.644973e+01
     4 -4.643077e+01
     4 -4.642129e+01
     4 -4.641181e+01
     4 -4.640233e+01
     4 -4.639285e+01
     4 -4.638337e+01
     4 -4.637389e+01
     4 -4.636440e+01
     4 -4.635492e+01
     4 -4.627907e+01
     4 -4.626011e+01
     4 -4.625063e+01
     4 -4.593766e+01
     4 -4.587127e+01
     4 -4.584281e+01
     4 -4.485576e+01
     4 -4.484626e+01
     4 -4.483677e+01
     4 -4.482727e+01
     4 -4.481778e+01
     4 -4.480828e+01
     4 -4.479878e+01
     4 -4.478929e+01
     4 -4.477979e+01
     4 -4.477029e+01
     4 -4.476080e+01
     4 -4.475130e+01
     4 -4.474181e+01
     4 -4.473231e+01
     4 -4.447593e+01
     4 -4.435243e+01
     4 -4.431443e+01
     4 -4.430493e+01
     4 -4.429543e+01
     4 -4.420042e+01
     4 -4.402938e+01
     4 -4.401987e+01
     4 -4.393435e+01
     4 -4.392484e+01
     4 -4.391534e+01
     4 -4.390583e+01
     4 -4.387732e+01
     4 -4.383930e+01
     4 -4.382029e+01
     4 -4.380128e+01
     4 -4.379178e+01
     4 -4.353511e+01
     4 -4.352560e+01
     4 -4.351609e+01
     4 -4.348757e+01
     4 -4.347806e+01
     4 -4.346856e+01
     4 -4.345905e+01
     4 -4.344003e+01
     4 -4.343052e+01
     4 -4.342101e+01
     4 -4.341151e+01
     4 -4.340200e+01
     4 -4.339249e+01
     4 -4.337347e+01
     4 -4.322132e+01
     4 -4.321181e+01
     4 -4.320230e+01
     4 -4.319279e+01
     4 -4.317377e+01
     4 -4.315475e+01
     4 -4.305013e+01
     4 -4.296452e+01
     4 -4.295501e+01
     4 -4.293598e+01
     4 -4.290738e+01
     4 -4.288836e+01
     4 -4.287885e+01
     4 -4.285982e+01
     4 -4.285031e+01
     4 -4.280274e+01
     4 -4.279322e+01
     4 -4.278371e+01
     4 -4.272663e+01
     4 -4.249826e+01
     4 -4.247923e+01
     4 -4.246972e+01
     4 -4.246020e+01
     4 -4.244117e+01
     4 -4.243165e+01
     4 -4.242213e+01
     4 -4.213659e+01
     4 -4.212708e+01
     4 -4.211755e+01
     4 -4.210804e+01
     4 -4.209852e+01
     4 -4.193668e+01
     4 -4.192715e+01
     4 -4.177481e+01
     4 -4.176529e+01
     4 -4.138435e+01
     4 -4.137482e+01
     4 -4.136530e+01
     4 -4.135577e+01
     4 -4.134624e+01
     4 -4.100334e+01
     4 -4.099382e+01
     4 -4.098429e+01
     4 -4.097476e+01
     4 -4.096523e+01
     4 -4.095570e+01
     4 -4.094617e+01
     4 -4.093665e+01
     4 -4.092712e+01
     4 -4.091759e+01
     4 -4.090806e+01
     4 -4.089853e+01
     4 -4.088900e+01
     4 -4.087947e+01
     4 -4.086994e+01
     4 -4.081277e+01
     4 -4.080324e+01
     4 -4.079371e+01
     4 -4.077465e+01
     4 -4.072700e+01
     4 -4.069841e+01
     4 -4.068888e+01
     4 -4.067935e+01
     4 -4.066982e+01
     4 -4.066029e+01
     4 -4.065076e+01
     4 -4.064122e+01
     4 -4.063169e+01
     4 -4.062216e+01
     4 -4.061263e+01
     4 -4.060310e+01
     4 -4.050779e+01
     4 -4.049825e+01
     4 -3.996436e+01
     4 -3.973548e+01
     4 -3.970686e+01
     4 -3.968779e+01
     4 -3.967825e+01
     4 -3.929662e+01
     4 -3.928708e+01
     4 -3.922983e+01
     4 -3.922029e+01
     4 -3.921075e+01
     4 -3.920121e+01
     4 -3.919167e+01
     4 -3.702414e+01
     4 -3.554216e+01
     4 -3.553260e+01
     4 -3.552303e+01
     4 -3.551347e+01
     4 -3.550390e+01
     4 -3.547520e+01
     4 -3.542737e+01
     4 -3.540824e+01
     4 -3.539867e+01
     4 -3.538911e+01
     4 -3.537954e+01
     4 -3.536998e+01
     4 -3.536041e+01
     4 -3.522647e+01
     4 -3.521691e+01
     4 -3.492029e+01
     4 -3.491072e+01
     4 -3.490115e+01
     4 -3.489159e+01
     4 -3.487245e+01
     4 -3.486288e+01
     4 -3.484374e+01
     4 -3.483417e+01
     4 -3.482460e+01
     4 -3.481503e+01
     4 -3.480546e+01
     4 -3.479589e+01
     4 -3.478632e+01
     4 -3.476718e+01
     4 -3.475761e+01
     4 -3.474804e+01
     4 -3.473847e+01
     4 -3.361845e+01
     4 -3.360887e+01
     4 -3.359929e+01
     4 -3.358014e+01
     4 -3.357056e+01
     4 -3.340775e+01
     4 -3.335986e+01
     4 -3.334070e+01
     4 -3.333113e+01
     4 -3.331197e+01
     4 -3.319703e+01
     4 -3.290964e+01
     4 -3.290005e+01
     4 -3.289048e+01
     4 -3.288089e+01
     4 -3.287132e+01
     4 -3.286173e+01
     4 -3.285215e+01
     4 -3.284257e+01
     4 -3.283299e+01
     4 -3.282341e+01
     4 -3.281383e+01
     4 -3.280425e+01
     4 -3.278508e+01
     4 -3.219096e+01
     4 -3.217173e+01
     4 -3.216214e+01
     4 -3.215256e+01
     4 -3.214297e+01
     4 -3.213339e+01
     4 -3.212380e+01
     4 -3.209505e+01
     4 -3.208546e+01
     4 -3.196086e+01
     4 -3.195127e+01
     4 -3.194168e+01
     4 -3.193210e+01
     4 -3.192251e+01
     4 -3.191293e+01
     4 -3.190334e+01
     4 -3.189376e+01
     4 -3.187458e+01
     4 -3.186500e+01
     4 -3.185541e+01
     4 -3.184583e+01
     4 -3.183624e+01
     4 -3.182665e+01
     4 -3.181707e+01
     4 -3.180748e+01
     4 -3.179790e+01
     4 -3.178831e+01
     4 -3.177872e+01
     4 -3.176914e+01
     4 -3.166368e+01
     4 -3.165409e+01
     4 -3.164451e+01
     4 -3.163492e+01
     4 -3.162533e+01
     4 -3.161575e+01
     4 -3.160616e+01
     4 -3.159657e+01
     4 -3.158698e+01
     4 -3.157739e+01
