     3 -5.154425e+01
     3 -5.153483e+01
     3 -5.151599e+01
     3 -5.150657e+01
     3 -5.149715e+01
     3 -5.148773e+01
     3 -5.147831e+01
     3 -5.142178e+01
     3 -5.139351e+01
     3 -5.135582e+01
     3 -5.132755e+01
     3 -5.127101e+01
     3 -5.125216e+01
     3 -5.124274e+01
     3 -5.123331e+01
     3 -5.122389e+01
     3 -5.121446e+01
     3 -5.120504e+01
     3 -5.119561e+01
     3 -5.117676e+01
     3 -5.116734e+01
     3 -5.115791e+01
     3 -5.114849e+01
     3 -5.113906e+01
     3 -5.112963e+01
     3 -5.112021e+01
     3 -5.111078e+01
     3 -5.110136e+01
     3 -5.109193e+01
     3 -5.107308e+01
     3 -5.106365e+01
     3 -5.105422e+01
     3 -5.104480e+01
     3 -5.103537e+01
     3 -5.102594e+01
     3 -5.101651e+01
     3 -5.100709e+01
     3 -5.099766e+01
     3 -5.096938e+01
     3 -5.095052e+01
     3 -5.094109e+01
     3 -5.093166e+01
     3 -5.092223e+01
     3 -5.091280e+01
     3 -5.090338e+01
     3 -5.089395e+01
     3 -5.088452e+01
     3 -5.087509e+01
     3 -5.086566e+01
     3 -5.078079e+01
     3 -5.076193e+01
     3 -5.075250e+01
     3 -5.074307e+01
     3 -5.072421e+01
     3 -5.071478e+01
     3 -5.069591e+01
     3 -5.068648e+01
     3 -5.066762e+01
     3 -5.065818e+01
     3 -5.064875e+01
     3 -5.063932e+01
     3 -5.062989e+01
     3 -5.062045e+01
     3 -5.061102e+01
     3 -5.019587e+01
     3 -5.011092e+01
     3 -5.002591e+01
     3 -4.998814e+01
     3 -4.997870e+01
     3 -4.996926e+01
     3 -4.995982e+01
     3 -4.995038e+01
     3 -4.994094e+01
     3 -4.993150e+01
     3 -4.992205e+01
     3 -4.991261e+01
     3 -4.874099e+01
     3 -4.873154e+01
     3 -4.872208e+01
     3 -4.871263e+01
     3 -4.863698e+01
     3 -4.859915e+01
     3 -4.857078e+01
     3 -4.851403e+01
     3 -4.850457e+01
     3 -4.849512e+01
     3 -4.848566e+01
     3 -4.847620e+01
     3 -4.846674e+01
     3 -4.845728e+01
     3 -4.844782e+01
     3 -4.842891e+01
     3 -4.839107e+01
     3 -4.838161e+01
     3 -4.837215e+01
     3 -4.836269e+01
     3 -4.835323e+01
     3 -4.834377e+01
     3 -4.833431e+01
     3 -4.832485e+01
     3 -4.831539e+01
     3 -4.716053e+01
     3 -4.714158e+01
     3 -4.711316e+01
     3 -4.708474e+01
     3 -4.707526e+01
     3 -4.644025e+01
     3 -4.350658e+01
     3 -4.349708e+01
     3 -4.271711e+01
     3 -4.270760e+01
     3 -4.269809e+01
     3 -4.268857e+01
     3 -4.267905e+01
     3 -4.248875e+01
     3 -3.927754e+01
     3 -3.926800e+01
     3 -3.925846e+01
     3 -3.924892e+01
     3 -3.923938e+01
     3 -3.687123e+01
     3 -3.686168e+01
     3 -3.685212e+01
     3 -3.684256e+01
     3 -3.683300e+01
     3 -3.682345e+01
     3 -3.681389e+01
     3 -3.680433e+01
     3 -3.679477e+01
     3 -3.678522e+01
     3 -3.677566e+01
     3 -3.676610e+01
     3 -3.675654e+01
     3 -3.674699e+01
     3 -3.673743e+01
     3 -3.672787e+01
     3 -3.671831e+01
     3 -3.670875e+01
     3 -3.669920e+01
     3 -3.668964e+01
     3 -3.668008e+01
     3 -3.667052e+01
     3 -3.666096e+01
     3 -3.665141e+01
     3 -3.657494e+01
     3 -3.621165e+01
     3 -3.620209e+01
     3 -3.619253e+01
     3 -3.618297e+01
     3 -3.617340e+01
     3 -3.616385e+01
     3 -3.615428e+01
     3 -3.614472e+01
     3 -3.613516e+01
     3 -3.612560e+01
     3 -3.611604e+01
     3 -3.610648e+01
     3 -3.609691e+01
     3 -3.608735e+01
     3 -3.606823e+01
     3 -3.605866e+01
     3 -3.603954e+01
     3 -3.599173e+01
     3 -3.596304e+01
     3 -3.595348e+01
     3 -3.594391e+01
     3 -3.593435e+01
     3 -3.592479e+01
     3 -3.591523e+01
     3 -3.590566e+01
     3 -3.589610e+01
     3 -3.588654e+01
     3 -3.587697e+01
     3 -3.586741e+01
     3 -3.585785e+01
     3 -3.584828e+01
     3 -3.583872e+01
     3 -3.582915e+01
     3 -3.581959e+01
     3 -3.581003e+01
     3 -3.580046e+01
     3 -3.579090e+01
     3 -3.578134e+01
     3 -3.577177e+01
     3 -3.576215e+01
     3 -3.575259e+01
     3 -3.574302e+01
     3 -3.572389e+01
     3 -3.571433e+01
     3 -3.570476e+01
     3 -3.569520e+01
     3 -3.568563e+01
     3 -3.567607e+01
     3 -3.566650e+01
     3 -3.565694e+01
     3 -3.564738e+01
     3 -3.563781e+01
     3 -3.562825e+01
     3 -3.561868e+01
     3 -3.560912e+01
     3 -3.559955e+01
     3 -3.558999e+01
     3 -3.558042e+01
     3 -3.557086e+01
     3 -3.556129e+01
     3 -3.555173e+01
     3 -3.535084e+01
     3 -3.534127e+01
     3 -3.533171e+01
     3 -3.532214e+01
     3 -3.531258e+01
     3 -3.530301e+01
     3 -3.529344e+01
     3 -3.528387e+01
     3 -3.527431e+01
     3 -3.526474e+01
     3 -3.525518e+01
     3 -3.524561e+01
     3 -3.523604e+01
     3 -3.520734e+01
     3 -3.515950e+01
     3 -3.514037e+01
     3 -3.513080e+01
     3 -3.511166e+01
     3 -3.510209e+01
     3 -3.509253e+01
     3 -3.508296e+01
     3 -3.507339e+01
     3 -3.506382e+01
     3 -3.505425e+01
     3 -3.504469e+01
     3 -3.503512e+01
     3 -3.502555e+01
     3 -3.501598e+01
     3 -3.500641e+01
     3 -3.499685e+01
     3 -3.498727e+01
     3 -3.497771e+01
     3 -3.496814e+01
     3 -3.495857e+01
     3 -3.494900e+01
     3 -3.493943e+01
     3 -3.477675e+01
     3 -3.472890e+01
     3 -3.471933e+01
     3 -3.470976e+01
     3 -3.470019e+01
     3 -3.469062e+01
     3 -3.468105e+01
     3 -3.467148e+01
     3 -3.465234e+01
     3 -3.464277e+01
     3 -3.452792e+01
     3 -3.451834e+01
     3 -3.450877e+01
     3 -3.449920e+01
     3 -3.448963e+01
     3 -3.448006e+01
     3 -3.447049e+01
     3 -3.446091e+01
     3 -3.445134e+01
     3 -3.444177e+01
     3 -3.443220e+01
     3 -3.442263e+01
     3 -3.425990e+01
     3 -3.425032e+01
     3 -3.424075e+01
     3 -3.423117e+01
     3 -3.422160e+01
     3 -3.421203e+01
     3 -3.420246e+01
     3 -3.405885e+01
     3 -3.404927e+01
     3 -3.403970e+01
     3 -3.402055e+01
     3 -3.401098e+01
     3 -3.400140e+01
     3 -3.399183e+01
     3 -3.398226e+01
     3 -3.397268e+01
     3 -3.396317e+01
     3 -3.395359e+01
     3 -3.394402e+01
     3 -3.393444e+01
     3 -3.392487e+01
     3 -3.391529e+01
     3 -3.390572e+01
     3 -3.389614e+01
     3 -3.388657e+01
     3 -3.387699e+01
     3 -3.386742e+01
     3 -3.385784e+01
     3 -3.379081e+01
     3 -3.377166e+01
     3 -3.376209e+01
     3 -3.375251e+01
     3 -3.374294e+01
     3 -3.373336e+01
     3 -3.372379e+01
     3 -3.371421e+01
     3 -3.370463e+01
     3 -3.369506e+01
     3 -3.368548e+01
     3 -3.367590e+01
     3 -3.366633e+01
     3 -3.365675e+01
     3 -3.364717e+01
     3 -3.363760e+01
     3 -3.362802e+01
     3 -3.358971e+01
     3 -3.355141e+01
     3 -3.354183e+01
     3 -3.352268e+01
     3 -3.350352e+01
     3 -3.349395e+01
     3 -3.347479e+01
     3 -3.346521e+01
     3 -3.345564e+01
     3 -3.344606e+01
     3 -3.343648e+01
     3 -3.342690e+01
     3 -3.341733e+01
     3 -3.339817e+01
     3 -3.338859e+01
     3 -3.337902e+01
     3 -3.336944e+01
     3 -3.335028e+01
     3 -3.323534e+01
     3 -3.322576e+01
     3 -3.321618e+01
     3 -3.320660e+01
     3 -3.318745e+01
     3 -3.317787e+01
     3 -3.316829e+01
     3 -3.315871e+01
     3 -3.314913e+01
     3 -3.313955e+01
     3 -3.312997e+01
     3 -3.312039e+01
     3 -3.311081e+01
     3 -3.310123e+01
     3 -3.309166e+01
     3 -3.308208e+01
     3 -3.307249e+01
     3 -3.306292e+01
     3 -3.305334e+01
     3 -3.304376e+01
     3 -3.303418e+01
     3 -3.302460e+01
     3 -3.300544e+01
     3 -3.299586e+01
     3 -3.297670e+01
     3 -3.296712e+01
     3 -3.295754e+01
     3 -3.294796e+01
     3 -3.293838e+01
     3 -3.292880e+01
     3 -3.291922e+01
     3 -3.275634e+01
     3 -3.271801e+01
     3 -3.270844e+01
     3 -3.269885e+01
     3 -3.268927e+01
     3 -3.267969e+01
     3 -3.267011e+01
     3 -3.266053e+01
     3 -3.265094e+01
     3 -3.264136e+01
     3 -3.263178e+01
     3 -3.262220e+01
     3 -3.261262e+01
     3 -3.260303e+01
     3 -3.259345e+01
     3 -3.258387e+01
     3 -3.257429e+01
     3 -3.256470e+01
     3 -3.255512e+01
     3 -3.254554e+01
     3 -3.253596e+01
     3 -3.252637e+01
     3 -3.251679e+01
     3 -3.250721e+01
     3 -3.247846e+01
     3 -3.245930e+01
     3 -3.244971e+01
     3 -3.243055e+01
     3 -3.242096e+01
     3 -3.241138e+01
     3 -3.240180e+01
     3 -3.239222e+01
     3 -3.238263e+01
     3 -3.237305e+01
     3 -3.236346e+01
     3 -3.235388e+01
     3 -3.234430e+01
     3 -3.233471e+01
     3 -3.232513e+01
     3 -3.231555e+01
     3 -3.230596e+01
     3 -3.229638e+01
     3 -3.228680e+01
     3 -3.227721e+01
     3 -3.226763e+01
     3 -3.225805e+01
     3 -3.223888e+01
     3 -3.221012e+01
     3 -3.218137e+01
     3 -3.211422e+01
     3 -3.210463e+01
     3 -3.207588e+01
     3 -3.206630e+01
     3 -3.205671e+01
     3 -3.204712e+01
     3 -3.203754e+01
     3 -3.202795e+01
     3 -3.200879e+01
     3 -3.199920e+01
     3 -3.198003e+01
     3 -3.188417e+01
